250	19.164215
250.49506	22.512848
250.9901	18.261751
251.48515	14.859727
251.98019	19.771217
252.47525	19.171656
252.97029	16.657774
253.46535	13.401038
253.9604	19.346525
254.45544	18.43943
254.9505	18.033293
255.44554	18.956894
255.9406	16.157362
256.43564	16.937563
256.93069	18.290159
257.42575	16.897488
257.92081	20.822369
258.41583	23.09903
258.91089	20.622175
259.40594	20.333803
259.901	17.962461
260.39603	15.955696
260.89108	17.420265
261.38614	15.701163
261.8812	16.355982
262.37625	18.478436
262.87128	17.016619
263.36633	14.319094
263.86139	16.320066
264.35645	17.665928
264.85147	18.052963
265.34653	18.477335
265.84158	19.077631
266.33664	17.293943
266.8317	20.379948
267.32672	15.782127
267.82178	17.268059
268.31683	18.469494
268.81189	20.490499
269.30695	17.666739
269.80197	17.475475
270.29703	17.751612
270.79208	17.221727
271.28714	17.966749
271.78217	13.934449
272.27722	17.217716
272.77228	18.945988
273.26733	17.130339
273.76239	17.229954
274.25742	16.520529
274.75247	14.281267
275.24753	13.711656
275.74258	15.030484
276.23761	17.51573
276.73267	18.42392
277.22772	16.455276
277.72278	19.344156
278.21783	16.768713
278.71286	17.880472
279.20792	17.4
279.70297	17.34613
280.19803	16.677147
280.69305	14.250229
281.18811	19.952688
281.68317	13.425025
282.17822	17.288963
282.67328	16.834742
283.1683	12.076177
283.66336	14.234408
284.15842	14.937935
284.65347	18.094717
285.14853	15.504477
285.64355	16.855553
286.13861	16.878813
286.63367	15.773436
287.12872	15.663189
287.62375	14.417339
288.1188	17.418274
288.61386	17.624697
289.10892	15.906802
289.60397	17.206833
290.099	15.937121
290.59406	15.059081
291.08911	18.222471
291.58417	17.259918
292.07919	14.151684
292.57425	14.992024
293.06931	15.69113
293.56436	17.340317
294.05942	19.587168
294.55444	17.879044
295.0495	15.949592
295.54456	12.911285
296.03961	14.042123
296.53467	17.43675
297.02969	15.619748
297.52475	15.995818
298.01981	15.801499
298.51486	13.303502
299.00989	19.72217
299.50494	18.031586
300	17.624935
300.49506	16.250044
300.99011	18.282036
301.48514	18.170433
301.98019	18.910797
302.47525	16.870104
302.97031	18.376902
303.46533	17.251999
303.96039	15.942614
304.45544	15.309405
304.9505	13.832006
305.44556	15.114262
305.94058	16.059639
306.43564	17.304937
306.93069	18.539335
307.42575	16.030651
307.92081	14.131979
308.41583	14.289858
308.91089	14.664968
309.40594	17.132919
309.901	17.110355
310.39603	12.854968
310.89108	13.594705
311.38614	15.311679
311.8812	15.387736
312.37625	16.966602
312.87128	16.576653
313.36633	15.287412
313.86139	15.900938
314.35645	15.034557
314.85147	18.877146
315.34653	14.813809
315.84158	19.875814
316.33664	18.290653
316.8317	17.830713
317.32672	13.853868
317.82178	13.225892
318.31683	13.03183
318.81189	15.604823
319.30695	17.618076
319.80197	14.191374
320.29703	17.413933
320.79208	17.296791
321.28714	17.830692
321.78217	15.110975
322.27722	15.801404
322.77228	15.624014
323.26733	16.805546
323.76239	17.734335
324.25742	15.82436
324.75247	14.398592
325.24753	14.96481
325.74258	15.800001
326.23761	17.337519
326.73267	17.71277
327.22772	14.974175
327.72278	15.934216
328.21783	16.640045
328.71286	14.082677
329.20792	17.096128
329.70297	17.948978
330.19803	16.419548
330.69305	16.120972
331.18811	16.837852
331.68317	14.59216
332.17822	16.926004
332.67328	17.516409
333.1683	14.661715
333.66336	10.824207
334.15842	14.688053
334.65347	17.386198
335.14853	15.435174
335.64355	18.08235
336.13861	15.025731
336.63367	11.526548
337.12872	16.509878
337.62375	15.134151
338.1188	13.294073
338.61386	15.447481
339.10892	15.683003
339.60397	18.059221
340.099	19.246727
340.59406	16.373354
341.08911	17.290312
341.58417	17.253973
342.07919	17.975967
342.57425	19.48148
343.06931	15.273497
343.56436	13.248259
344.05942	15.117634
344.55444	16.322519
345.0495	16.703199
345.54456	15.913332
346.03961	15.5631
346.53467	17.359501
347.02969	18.630211
347.52475	18.238537
348.01981	18.45665
348.51486	18.914013
349.00989	18.131329
349.50494	16.842613
350	15.668282
350.49506	17.501497
350.99011	18.407845
351.48514	16.77009
351.98019	20.083933
352.47525	15.257226
352.97031	16.301311
353.46533	15.65806
353.96039	14.584991
354.45544	13.019474
354.9505	13.436108
355.44556	16.030832
355.94058	13.193156
356.43564	13.03185
356.93069	14.987576
357.42575	16.554644
357.92081	18.316267
358.41583	14.487062
358.91089	13.290312
359.40594	12.308617
359.901	18.463818
360.39603	17.703632
360.89108	14.910587
361.38614	12.620601
361.8812	13.148473
362.37625	14.323563
362.87128	13.253464
363.36633	13.675479
363.86139	14.141845
364.35645	14.337568
364.85147	16.809336
365.34653	16.831179
365.84158	17.839773
366.33664	16.478125
366.8317	16.066172
367.32672	17.831205
367.82178	17.606607
368.31683	17.226494
368.81189	15.235106
369.30695	13.792438
369.80197	15.934301
370.29703	16.942362
370.79208	15.697381
371.28714	14.968081
371.78217	17.129456
372.27722	17.318996
372.77228	12.561984
373.26733	12.907179
373.76239	14.54036
374.25742	13.228914
374.75247	14.267438
375.24753	18.418274
375.74258	17.4
376.23761	17.069214
376.73267	16.263172
377.22772	16.199385
377.72278	11.794807
378.21783	10.569973
378.71286	13.340653
379.20792	12.762324
379.70297	11.808792
380.19803	16.696678
380.69305	17.151421
381.18811	12.1087
381.68317	16.73551
382.17822	15.410678
382.67328	15.76858
383.1683	13.022948
383.66336	16.515257
384.15842	17.176725
384.65347	15.50407
385.14853	16.882813
385.64355	14.457799
386.13861	13.842987
386.63367	17.485813
387.12872	16.281849
387.62375	16.506187
388.1188	11.958645
388.61386	15.864099
389.10892	14.773502
389.60397	16.229334
390.099	15.884693
390.59406	16.795568
391.08911	15.587968
391.58417	17.00288
392.07919	16.400497
392.57425	14.566284
393.06931	17.086996
393.56436	16.506657
394.05942	16.677135
394.55444	15.152044
395.0495	14.043138
395.54456	15.384413
396.03961	16.200001
396.53467	16.087143
397.02969	17.973455
397.52475	19.813
398.01981	16.576456
398.51486	14.207994
399.00989	16.572264
399.50494	17.438738
400	15.771855
400.49506	15.693121
400.99011	18.445906
401.48514	18.753145
401.98019	17.818888
402.47525	19.733217
402.97031	17.722502
403.46533	14.947382
403.96039	17.154932
404.45544	21.590929
404.9505	18.893894
405.44556	19.513647
405.94058	16.952003
406.43564	17.29513
406.93069	15.571739
407.42575	15.368733
407.92081	17.279598
408.41583	14.308553
408.91089	14.681197
409.40594	16.919535
409.901	15.912704
410.39603	17.066402
410.89108	20.102196
411.38614	19.449306
411.8812	18.378576
412.37625	16.924307
412.87128	16.24037
413.36633	15.122274
413.86139	16.396811
414.35645	18.149483
414.85147	15.111119
415.34653	16.770094
415.84158	16.260731
416.33664	17.742392
416.8317	15.582703
417.32672	14.407033
417.82178	16.976898
418.31683	13.277807
418.81189	11.84481
419.30695	19.26087
419.80197	20.545052
420.29703	18.359131
420.79208	22.258574
421.28714	14.946641
421.78217	18.339447
422.27722	15.422713
422.77228	17.984015
423.26733	16.666807
423.76239	15.71552
424.25742	12.390275
424.75247	14.479067
425.24753	15.330803
425.74258	15.563248
426.23761	15.6
426.73267	18.302467
427.22772	14.922067
427.72278	17.51347
428.21783	20.126242
428.71286	20.750532
429.20792	17.682688
429.70297	15.42902
430.19803	15.289817
430.69305	16.115406
431.18811	20.49033
431.68317	19.002604
432.17822	18.832973
432.67328	19.534988
433.1683	20.264963
433.66336	17.062775
434.15842	15.718264
434.65347	14.849027
435.14853	16.088997
435.64355	18.811859
436.13861	18.823578
436.63367	20.250694
437.12872	19.45717
437.62375	17.648563
438.1188	17.976284
438.61386	18.173252
439.10892	18.447847
439.60397	19.573288
440.099	19.222399
440.59406	18.506783
441.08911	18.6
441.58417	19.428534
442.07919	19.995674
442.57425	21.90777
443.06931	21.129154
443.56436	18.98107
444.05942	19.224775
444.55444	19.352964
445.0495	23.075605
445.54456	22.192175
446.03961	17.469261
446.53467	18.328272
447.02969	22.728264
447.52475	22.129068
448.01981	16.978949
448.51486	21.484571
449.00989	23.6
449.50494	22.564318
450	22.331989
450.49506	23.241604
450.99011	22.156139
451.48514	24.589092
451.98019	25.135099
452.47525	23.101683
452.97031	25.126221
453.46533	27.616161
453.96039	30.919516
454.45544	31.774263
454.9505	24.652431
455.44556	26.592983
455.94058	28.330978
456.43564	30.578609
456.93069	30.363108
457.42575	31.327042
457.92081	27.809708
458.41583	29.26123
458.91089	30.51289
459.40594	30.688776
459.901	30.345585
460.39603	30.73605
460.89108	32.357273
461.38614	33.626301
461.8812	36.25132
462.37625	37.049103
462.87128	36.958183
463.36633	36.200001
463.86139	36.851204
464.35645	38.183197
464.85147	36.562256
465.34653	39.771927
465.84158	37.315228
466.33664	39.78553
466.8317	42.04121
467.32672	41.478008
467.82178	38.957138
468.31683	39.969765
468.81189	40.292358
469.30695	49.462444
469.80197	49.252087
470.29703	44.349197
470.79208	51.239185
471.28714	57.865486
471.78217	52.867058
472.27722	54.341263
472.77228	50.71661
473.26733	54.842041
473.76239	57.760693
474.25742	59.593304
474.75247	53.427589
475.24753	57.826065
475.74258	61.915009
476.23761	57.432037
476.73267	55.088184
477.22772	55.048527
477.72278	59.386909
478.21783	59.413818
478.71286	53.114525
479.20792	64.243141
479.70297	60.815285
480.19803	63.169064
480.69305	58.287758
481.18811	56.370487
481.68317	58.946659
482.17822	57.550053
482.67328	61.300045
483.1683	56.896202
483.66336	53.47636
484.15842	58.415062
484.65347	53.328754
485.14853	51.624428
485.64355	57.020775
486.13861	56.414749
486.63367	50.1973
487.12872	54.883335
487.62375	48.61898
488.1188	50.064125
488.61386	45.773785
489.10892	50.165272
489.60397	41.168381
490.099	47.862671
490.59406	42.892574
491.08911	43.799999
491.58417	44.136337
492.07919	46.497906
492.57425	38.32711
493.06931	42.890415
493.56436	38.36869
494.05942	43.630196
494.55444	39.701794
495.0495	36.81881
495.54456	37.094566
496.03961	38.036697
496.53467	38.140209
497.02969	35.768883
497.52475	37.305073
498.01981	36.207817
498.51486	34.069115
499.00989	31.552174
499.50494	36.918354
500	38.964355
500.49506	31.121132
500.99011	30.58021
501.48514	32.342316
501.98019	33.7239
502.47525	33.75095
502.97031	25.546001
503.46533	31.62664
503.96039	30.045805
504.45544	28.687958
504.9505	28.324169
505.44556	32.121792
505.94058	30.02359
506.43564	30.151981
506.93069	30.238117
507.42575	32.774574
507.92081	28.543001
508.41583	30.67543
508.91089	28.272823
509.40594	27.60733
509.901	28.867952
510.39603	27.165625
510.89108	22.430931
511.38614	26.231592
511.8812	25.200001
512.37622	25.73737
512.87128	27.704882
513.36633	22.281776
513.86139	26.189484
514.35645	27.200001
514.8515	26.905104
515.34656	25.600292
515.84161	26.770008
516.33661	27.634642
516.83167	26.635664
517.32672	22.241907
517.82178	27.256184
518.31683	27.915258
518.81189	24.427193
519.30695	20.061106
519.802	25.798979
520.29706	25.859411
520.79205	27.866749
521.28711	23.478462
521.78217	25.568512
522.27722	23.691305
522.77228	23.874716
523.26733	27.042126
523.76239	23.294222
524.25745	23.791698
524.7525	24.692434
525.2475	24.953003
525.74255	23.307444
526.23761	24.512518
526.73267	24.182142
527.22772	21.930241
527.72278	25.878952
528.21783	26.845842
528.71289	22.654617
529.20795	22.431025
529.70294	26.281656
530.198	24.490877
530.69305	21.990391
531.18811	23.759958
531.68317	23.757517
532.17822	25.474554
532.67328	24.600109
533.16833	23.185608
533.66339	24.09506
534.15839	28.824451
534.65344	26.613029
535.1485	26.434031
535.64355	28.230221
536.13861	29.186422
536.63367	31.110312
537.12872	28.51725
537.62378	27.792728
538.11884	27.292658
538.61389	23.740107
539.10889	26.141663
539.60394	25.110273
540.099	23.016617
540.59406	27.162937
541.08911	29.757284
541.58417	28.654835
542.07922	29.391125
542.57428	31.458633
543.06934	31.070572
543.56433	31.217802
544.05939	29.020998
544.55444	29.708111
545.0495	28.938622
545.54456	30.460596
546.03961	30.714163
546.53467	30.616344
547.02972	32.949268
547.52478	33.061401
548.01978	33.711937
548.51483	34.254967
549.00989	32.521942
549.50494	30.065514
550	33.316242
550.49506	35.157131
550.99011	36.923862
551.48517	37.407761
551.98022	35.288307
552.47522	38.870049
552.97028	38.67662
553.46533	33.520042
553.96039	34.402519
554.45544	40.802288
554.9505	41.964691
555.44556	40.009911
555.94061	43.914967
556.43567	40.922596
556.93066	39.871227
557.42572	39.463211
557.92078	34.279091
558.41583	37.290741
558.91089	38.187668
559.40594	38.155304
559.901	35.843613
560.39606	39.66206
560.89111	39.020172
561.38611	36.146111
561.88116	37.425022
562.37622	35.452061
562.87128	38.741558
563.36633	35.603104
563.86139	31.338331
564.35645	38.755886
564.8515	35.675137
565.34656	31.21492
565.84161	30.799999
566.33661	34.710186
566.83167	34.624008
567.32672	27.550079
567.82178	31.063148
568.31683	26.71615
568.81189	29.761175
569.30695	25.403864
569.802	29.399998
570.29706	29.43749
570.79205	30.809494
571.28711	25.956482
571.78217	29.080975
572.27722	26.95142
572.77228	24.35199
573.26733	29.757942
573.76239	25.995405
574.25745	28.656227
574.7525	24.854746
575.2475	25.200001
575.74255	25.00675
576.23761	24.104969
576.73267	23.959904
577.22772	22.512924
577.72278	27.246017
578.21783	24.654453
578.71289	22.365204
579.20795	21.866236
579.70294	23.81465
580.198	21.807388
580.69305	21.743612
581.18811	23.50486
581.68317	20.657598
582.17822	18.806263
582.67328	22.539663
583.16833	22.290527
583.66339	21.778704
584.15839	22.951014
584.65344	21.349255
585.1485	19.655241
585.64355	22.807964
586.13861	21.353401
586.63367	19.157341
587.12872	19.320358
587.62378	19.096939
588.11884	20.114305
588.61389	20.274395
589.10889	18.826221
589.60394	21.449942
590.099	20.425106
590.59406	20.408232
591.08911	21.082376
591.58417	15.40584
592.07922	16.686733
592.57428	19.975401
593.06934	22.121243
593.56433	21.101852
594.05939	17.840775
594.55444	20.065588
595.0495	24.303722
595.54456	18.276375
596.03961	20.956352
596.53467	19.50214
597.02972	17.96735
597.52478	15.86293
598.01978	20.340942
598.51483	21.232
599.00989	18.287806
599.50494	15.180826
600	16.935278
600.49506	18.287626
600.99011	16.731466
601.48517	22.453112
601.98022	17.995823
602.47522	19.951033
602.97028	19.005346
603.46533	18.38129
603.96039	16.897703
604.45544	20.034746
604.9505	16.650457
605.44556	17.287653
605.94061	16.313475
606.43567	19.390564
606.93066	20.090647
607.42572	15.599999
607.92078	16.079937
608.41583	18.74012
608.91089	18.382523
609.40594	12.435781
609.901	15.655385
610.39606	14.600001
610.89111	14.994512
611.38611	15.220942
611.88116	13.718931
612.37622	15.07954
612.87128	17.258705
613.36633	18.950375
613.86139	20.539925
614.35645	20.032734
614.8515	16.139153
615.34656	16.162451
615.84161	17.542877
616.33661	19.091984
616.83167	19.292442
617.32672	16.238243
617.82178	15.998994
618.31683	16.886698
618.81189	17.382587
619.30695	16.369789
619.802	15.199999
620.29706	18.972929
620.79205	16.840359
621.28711	15.627942
621.78217	14.433822
622.27722	16.143148
622.77228	17.15029
623.26733	13.485436
623.76239	14.305642
624.25745	13.336002
624.7525	14.337993
625.2475	9.8041983
625.74255	12.328275
626.23761	14.418511
626.73267	14.232325
627.22772	15.514463
627.72278	19.450483
628.21783	14.687497
628.71289	13.200944
629.20795	13.505115
629.70294	10.25127
630.198	15.343616
630.69305	14.854704
631.18811	16.986547
631.68317	14.069949
632.17822	16.361094
632.67328	18.537806
633.16833	14.6
633.66339	14.285649
634.15839	13.298409
634.65344	13.222581
635.1485	13.598808
635.64355	15.362083
636.13861	12.406689
636.63367	13.023114
637.12872	12.838871
637.62378	13.069404
638.11884	11.058288
638.61389	11.139935
639.10889	11.8
639.60394	13.096008
640.099	12.625983
640.59406	12.743659
641.08911	12.608301
641.58417	10.926784
642.07922	10.846169
642.57428	10.616951
643.06934	9.7373543
643.56433	11.868056
644.05939	13.284018
644.55444	10.014748
645.0495	10.469082
645.54456	11
646.03961	10.677456
646.53467	11.098959
647.02972	11.886202
647.52478	12
648.01978	13.812339
648.51483	10.84277
649.00989	9.0726328
649.50494	12.139307
650	10.998632
650.49506	10.665967
650.99011	12.529655
651.48517	8.1897802
651.98022	10.82308
652.47522	14.215297
652.97028	12.286315
653.46533	8.4364204
653.96039	8.350173
654.45544	8.188242
654.9505	10.592941
655.44556	10.114378
655.94061	10.774229
656.43567	12.339632
656.93066	12.927703
657.42572	11.010824
657.92078	10.896824
658.41583	10.275513
658.91089	9.7255316
659.40594	11.395553
659.901	11.280066
660.39606	10.361913
660.89111	14.372623
661.38611	14.34295
661.88116	11.948642
662.37622	12.978475
662.87128	12.371212
663.36633	10.66295
663.86139	9.756752
664.35645	11.127358
664.8515	14.130613
665.34656	10.704764
665.84161	10.308382
666.33661	10.750269
666.83167	9.5343161
667.32672	13.671923
667.82178	15.339657
668.31683	9.4875031
668.81189	8.9859381
669.30695	8.0598021
669.802	9.6001844
670.29706	12.2
670.79205	11.994351
671.28711	10.384665
671.78217	9.6753511
672.27722	11.080005
672.77228	8.8816671
673.26733	10.940008
673.76239	11.861486
674.25745	10.862709
674.7525	11.543075
675.2475	12.187037
675.74255	11.4673
676.23761	10.581105
676.73267	11.990208
677.22772	12.806097
677.72278	9.7639618
678.21783	6.1484766
678.71289	8.1763897
679.20795	8.5522614
679.70294	9.7613287
680.198	12.304207
680.69305	12.000841
681.18811	9.8150387
681.68317	10.747638
682.17822	10.235315
682.67328	12.669106
683.16833	10.261341
683.66339	11.231425
684.15839	8.2550402
684.65344	9.3376389
685.1485	11.174682
685.64355	11.419697
686.13861	12.53416
686.63367	11.090679
687.12872	10.07018
687.62378	12.257333
688.11884	12.948408
688.61389	14.066807
689.10889	11.575245
689.60394	10.30679
690.099	9.8252554
690.59406	9.6453218
691.08911	13.43416
691.58417	12.933885
692.07922	12.110004
692.57428	10.667218
693.06934	8.5709982
693.56433	11.667319
694.05939	11.202608
694.55444	9.3647099
695.0495	10.439662
695.54456	10.027321
696.03961	9.3999996
696.53467	9.6872139
697.02972	7.6971769
697.52478	9.035531
698.01978	11.392596
698.51483	9.0786724
699.00989	9.8363323
699.50494	10.549088
700	5.1055574
700.49506	11.095239
700.99011	7.676856
701.48517	12.216338
701.98022	8.5513353
702.47522	8.6569414
702.97028	13.330202
703.46533	11.616766
703.96039	10.931545
704.45544	11.55113
704.9505	12.341624
705.44556	13.07249
705.94061	12.02015
706.43567	10.445053
706.93066	9.3557749
707.42572	10.304558
707.92078	12.405907
708.41583	11.472147
708.91089	8.8680973
709.40594	11.377392
709.901	10.914742
710.39606	10.197264
710.89111	9.3970766
711.38611	10.125119
711.88116	8.4358101
712.37622	10.060946
712.87128	11.272888
713.36633	11.048626
713.86139	8.9920797
714.35645	8.9900904
714.8515	10.181454
715.34656	12.286762
715.84161	7.4680071
716.33661	8.7821608
716.83167	10.393687
717.32672	9.1310329
717.82178	9.6791201
718.31683	9.4839783
718.81189	10.4
719.30695	10.276052
719.802	10.833163
720.29706	11.710117
720.79205	11.524744
721.28711	12.069005
721.78217	10.706158
722.27722	11.049218
722.77228	11.459504
723.26733	10.837087
723.76239	8.9254751
724.25745	8.9526291
724.7525	11.267901
725.2475	11.396276
725.74255	11.834459
726.23761	11.834174
726.73267	10.931999
727.22772	10.8
727.72278	7.5927315
728.21783	10.348397
728.71289	11.941044
729.20795	8.8699379
729.70294	9.7067842
730.198	7.6695604
730.69305	11.756505
731.18811	10.045815
731.68317	8.4498968
732.17822	10.146658
732.67328	10.021484
733.16833	9.0995483
733.66339	10.270706
734.15839	10.883829
734.65344	12.70986
735.1485	10.722908
735.64355	7.4006152
736.13861	10.207789
736.63367	11.074439
737.12872	11.359533
737.62378	12.863043
738.11884	8.7914658
738.61389	8.5214243
739.10889	9.8061991
739.60394	10.527325
740.099	12.25588
740.59406	9.5166521
741.08911	6.4057584
741.58417	8.4630375
742.07922	9.9677105
742.57428	9.8187943
743.06934	11.049517
743.56433	8.7580681
744.05939	7.4362655
744.55444	9.5951996
745.0495	10.821554
745.54456	8.6914968
746.03961	9.2579861
746.53467	10.506284
747.02972	9.2044868
747.52478	10.910552
748.01978	14.196838
748.51483	12.713331
749.00989	10.738906
749.50494	9.3490829
750	9.9795475
