250	6.9157062
250.49506	7.3062978
250.9901	7.1180563
251.48515	9.5362148
251.98019	10.827312
252.47525	7.3934588
252.97029	6.8133326
253.46535	9.2462645
253.9604	9.3999996
254.45544	7.1458426
254.9505	6.4665856
255.44554	8.9517164
255.9406	7.1658893
256.43564	7.9927659
256.93069	10.670475
257.42575	7.5401626
257.92081	8.2439613
258.41583	7.546607
258.91089	6.5691543
259.40594	7.3026004
259.901	6.1555791
260.39603	4.9777904
260.89108	7.0778255
261.38614	8.5299463
261.8812	7.1479888
262.37625	7.6882606
262.87128	6.1916904
263.36633	8.3662834
263.86139	8.919733
264.35645	4.5251975
264.85147	8.1205559
265.34653	7.4453306
265.84158	6.4160576
266.33664	12.524045
266.8317	3.4589028
267.32672	7.0558162
267.82178	10.906798
268.31683	6.0307846
268.81189	6.9467731
269.30695	10.827988
269.80197	10.015085
270.29703	8.6903238
270.79208	8.8337049
271.28714	10.104857
271.78217	9.0239229
272.27722	9.5732193
272.77228	10.754432
273.26733	10.441951
273.76239	10.209984
274.25742	10.301579
274.75247	9.4650135
275.24753	8.4294481
275.74258	8.3576212
276.23761	7.3008041
276.73267	6.1182723
277.22772	7.6314788
277.72278	4.9553256
278.21783	2.6921782
278.71286	3.5976372
279.20792	6.4967399
279.70297	8.542119
280.19803	5.8219614
280.69305	8.0813932
281.18811	11.589057
281.68317	6.028779
282.17822	10.472309
282.67328	7.0200324
283.1683	5.7098866
283.66336	8.9369164
284.15842	6.8654881
284.65347	8.5174379
285.14853	8.2153511
285.64355	4.3911161
286.13861	7.8156047
286.63367	8.2223921
287.12872	6.2840552
287.62375	4.4687324
288.1188	6.1864214
288.61386	7.4606709
289.10892	6.986393
289.60397	5.9954443
290.099	7.7576032
290.59406	7.5015321
291.08911	5.2449422
291.58417	7.2942734
292.07919	7.292357
292.57425	8.1359921
293.06931	7.9417739
293.56436	7.64328
294.05942	7.0165195
294.55444	6.9215574
295.0495	8.7261438
295.54456	7.9286103
296.03961	10.868408
296.53467	7.9551239
297.02969	5.3184853
297.52475	7.566546
298.01981	6.011991
298.51486	5.4238849
299.00989	8.7542582
299.50494	8.277195
300	6.4493403
300.49506	6.5374889
300.99011	8.5560312
301.48514	10.888702
301.98019	6.9978204
302.47525	6.6193295
302.97031	9.2370844
303.46533	7.5149989
303.96039	8.5164843
304.45544	8.3282175
304.9505	6.5824037
305.44556	6.4451079
305.94058	9.338378
306.43564	9.7953224
306.93069	9.2269478
307.42575	9.8037939
307.92081	9.878932
308.41583	9.4616108
308.91089	6.4000001
309.40594	8.3324757
309.901	10.310354
310.39603	6.8245244
310.89108	8.9008827
311.38614	7.937593
311.8812	5.5612264
312.37625	5.5001941
312.87128	5.9720817
313.36633	5.6907349
313.86139	4.8660426
314.35645	5.6335082
314.85147	6.2234006
315.34653	7.0090294
315.84158	10.318802
316.33664	5.4618821
316.8317	5.7539287
317.32672	7.0555868
317.82178	6.155354
318.31683	8.5225592
318.81189	9.651206
319.30695	9.8000002
319.80197	10.257035
320.29703	8.928689
320.79208	5.4193821
321.28714	6.2511539
321.78217	4.7003417
322.27722	4.7902865
322.77228	5.5999999
323.26733	6.412569
323.76239	6.4452791
324.25742	7.6930962
324.75247	8.1929579
325.24753	6.7219934
325.74258	5.747478
326.23761	4.9437466
326.73267	6.6086054
327.22772	9.2988997
327.72278	8.238225
328.21783	7.265183
328.71286	7.8811898
329.20792	8.2282448
329.70297	6.3503404
330.19803	7.206017
330.69305	8.0784216
331.18811	5.9297318
331.68317	5.3586707
332.17822	4.1260056
332.67328	4.959487
333.1683	5.1381812
333.66336	11.286111
334.15842	6.0314484
334.65347	6.9972401
335.14853	6.6070347
335.64355	5.8336143
336.13861	7.8539386
336.63367	7.0907078
337.12872	8.0619755
337.62375	8.0278454
338.1188	5.1554708
338.61386	2.9683456
339.10892	5.2944727
339.60397	5.3851943
340.099	6.0934558
340.59406	9.1383934
341.08911	8.1096888
341.58417	5.8485332
342.07919	8.3359156
342.57425	6.8518577
343.06931	4.6364226
343.56436	5.4482584
344.05942	6.3117633
344.55444	8.442625
345.0495	8.9616127
345.54456	7.5044441
346.03961	7.3876991
346.53467	8.5811157
347.02969	8.1021185
347.52475	5.8807306
348.01981	5.6955671
348.51486	6.7014322
349.00989	8.5939846
349.50494	6.5581913
350	5.2487884
350.49506	5.5871496
350.99011	8.2543154
351.48514	7.3307152
351.98019	8.8952036
352.47525	5.3265076
352.97031	5.032896
353.46533	5.3419394
353.96039	6.2477798
354.45544	6.5805254
354.9505	6.7462912
355.44556	10.596998
355.94058	7.0699687
356.43564	3.41274
356.93069	4.1950307
357.42575	6.9206276
357.92081	8.1441784
358.41583	6.5230269
358.91089	6.0361247
359.40594	6.1782765
359.901	5.8520103
360.39603	6.817821
360.89108	7.9957652
361.38614	7.7147093
361.8812	6.8096051
362.37625	9.2167625
362.87128	3.1177032
363.36633	6.1987863
363.86139	7.4907694
364.35645	4.9989004
364.85147	4.936964
365.34653	7.6077762
365.84158	10.187501
366.33664	9.655755
366.8317	8.9184628
367.32672	9.1145782
367.82178	7.6547241
368.31683	5.8668838
368.81189	4.166142
369.30695	3.3962188
369.80197	4.6577649
370.29703	4.5932007
370.79208	4.1026192
371.28714	5.6723223
371.78217	7.0019698
372.27722	7.2169995
372.77228	6.7460055
373.26733	6.8616028
373.76239	6.4686742
374.25742	5.7670665
374.75247	6.1422215
375.24753	8.0366955
375.74258	5.0641246
376.23761	6.7637248
376.73267	6
377.22772	5.6397781
377.72278	4.678864
378.21783	6.6994166
378.71286	6.5560799
379.20792	8.2831001
379.70297	6.5833135
380.19803	9.0972767
380.69305	4.7867069
381.18811	9.3012152
381.68317	7.7815742
382.17822	7.3626246
382.67328	5.9775572
383.1683	4.0163918
383.66336	6.1482115
384.15842	4.8543086
384.65347	5.3653097
385.14853	6.3267574
385.64355	9.1237869
386.13861	7.9719481
386.63367	6.220366
387.12872	7.5463362
387.62375	3.750504
388.1188	5.4864402
388.61386	7.1349564
389.10892	6.9228935
389.60397	7.112205
390.099	10.55613
390.59406	6.3693905
391.08911	6.065484
391.58417	7.4583774
392.07919	5.9806476
392.57425	4.9258409
393.06931	8.0212135
393.56436	8.9458303
394.05942	7.4505787
394.55444	5.8009081
395.0495	7.0235319
395.54456	7.2524695
396.03961	7.8720689
396.53467	6.2042747
397.02969	5.7349095
397.52475	7.2130008
398.01981	7.6074872
398.51486	6.1840129
399.00989	4.5017338
399.50494	4.6854734
400	6.38024
400.49506	7.6427512
400.99011	6.9401193
401.48514	5.1728849
401.98019	3.6856658
402.47525	5.5669575
402.97031	7.6254406
403.46533	7.4198952
403.96039	7.2387333
404.45544	9.2020159
404.9505	9.0422564
405.44556	6.754981
405.94058	7.432013
406.43564	9.0536795
406.93069	5.7605977
407.42575	7.2707038
407.92081	9.7218084
408.41583	7.279932
408.91089	6.498023
409.40594	7.6400666
409.901	7.3116145
410.39603	5.5156646
410.89108	7.5542231
411.38614	9.8273611
411.8812	6.6553555
412.37625	6.772923
412.87128	5.7473044
413.36633	9.7758284
413.86139	7.6389732
414.35645	6.0884175
414.85147	7.0641856
415.34653	5.0299053
415.84158	5.5848174
416.33664	5.2680812
416.8317	7.7971172
417.32672	7.5994587
417.82178	7.4017773
418.31683	6.6163802
418.81189	11.827165
419.30695	5.6869569
419.80197	7.4791145
420.29703	10.587828
420.79208	10.61552
421.28714	4.4044237
421.78217	5.5997605
422.27722	6.5110078
422.77228	6.0734096
423.26733	5.8266811
423.76239	9.2224026
424.25742	8.7864027
424.75247	8.4325581
425.24753	6.0843821
425.74258	6.0897431
426.23761	8.1331835
426.73267	8.4410315
427.22772	7.3020949
427.72278	8.0830946
428.21783	8.5526247
428.71286	9.2021294
429.20792	9.9937735
429.70297	5.0769668
430.19803	7.5472636
430.69305	7.4830241
431.18811	7.6462746
431.68317	8.1390171
432.17822	8.4739943
432.67328	5.9002218
433.1683	6.4618974
433.66336	9.3651257
434.15842	9.2339067
434.65347	9.2394295
435.14853	9.0962677
435.64355	10.163881
436.13861	10.389736
436.63367	8.3111935
437.12872	8.39046
437.62375	8.9657087
438.1188	9.4915419
438.61386	8.2993965
439.10892	7.2239237
439.60397	8.8361044
440.099	8.8051538
440.59406	8.654254
441.08911	8.0356092
441.58417	7.2142668
442.07919	8.4173012
442.57425	8.4974098
443.06931	8.8889418
443.56436	10.488169
444.05942	9.5619373
444.55444	9.882411
445.0495	8.8461132
445.54456	6.1147442
446.03961	8.7258158
446.53467	10.335864
447.02969	10.69363
447.52475	11.172584
448.01981	10.432388
448.51486	9.6226673
449.00989	10.100945
449.50494	11.28299
450	8.9463615
450.49506	7.6178112
450.99011	8.3731585
451.48514	8.7431831
451.98019	9.5605297
452.47525	9.4450197
452.97031	9.6849442
453.46533	9.456562
453.96039	11.382859
454.45544	10.068382
454.9505	11.124574
455.44556	12.521638
455.94058	12.8831
456.43564	12.94567
456.93069	13.314462
457.42575	11.893713
457.92081	13.819707
458.41583	11.210731
458.91089	14.877342
459.40594	15.20972
459.901	12.470641
460.39603	14.585581
460.89108	13.423327
461.38614	11.903288
461.8812	12.300527
462.37625	13.336551
462.87128	15.696727
463.36633	16.613771
463.86139	17.437134
464.35645	14.235295
464.85147	17.472853
465.34653	20.589844
465.84158	18.700548
466.33664	19.46541
466.8317	18.406042
467.32672	19.200001
467.82178	19.438095
468.31683	20.087101
468.81189	19.370642
469.30695	22.02495
469.80197	23.728601
470.29703	26.892263
470.79208	26.330248
471.28714	25.346796
471.78217	22.366806
472.27722	23.662397
472.77228	25.446255
473.26733	22.82102
473.76239	24.249197
474.25742	25.931841
474.75247	27.650574
475.24753	27.685068
475.74258	31.372934
476.23761	23.422701
476.73267	27.591362
477.22772	30.189154
477.72278	31.159687
478.21783	28.800619
478.71286	24.551546
479.20792	31.817829
479.70297	28.435131
480.19803	32.635998
480.69305	30.672522
481.18811	35.530533
481.68317	35.092125
482.17822	35.318703
482.67328	31.236397
483.1683	28.268574
483.66336	26.894547
484.15842	24.378336
484.65347	24.137405
485.14853	24.203613
485.64355	29.088362
486.13861	26.276012
486.63367	25.478741
487.12872	28.019907
487.62375	27.881485
488.1188	24.980152
488.61386	24.838251
489.10892	25.679041
489.60397	29.470041
490.099	23.156519
490.59406	27.677887
491.08911	20.897591
491.58417	23.575775
492.07919	21.493967
492.57425	22.30587
493.06931	21.600197
493.56436	22.939583
494.05942	16.603394
494.55444	19.047312
495.0495	23.17429
495.54456	20.88652
496.03961	19.634853
496.53467	18.092783
497.02969	18.549643
497.52475	14.921451
498.01981	21.569376
498.51486	19.146969
499.00989	16.44503
499.50494	13.77702
500	19
500.49506	19
500.99011	18.779743
501.48514	16.47471
501.98019	13.868454
502.47525	16.262943
502.97031	16.373713
503.46533	12.973359
503.96039	14.466084
504.45544	14.775917
504.9505	13.20511
505.44556	14.544976
505.94058	12.765134
506.43564	14.048018
506.93069	13.986222
507.42575	11.384877
507.92081	14.077499
508.41583	13.374768
508.91089	14.549129
509.40594	13.940837
509.901	12.120771
510.39603	12.030645
510.89108	14.662841
511.38614	14.052612
511.8812	15.101569
512.37622	12.259707
512.87128	12.6
513.36633	12.909899
513.86139	14.157871
514.35645	11.960857
514.8515	12.570635
515.34656	11.56691
515.84161	12.468003
516.33661	12.765358
516.83167	12.952829
517.32672	14.132939
517.82178	11.963403
518.31683	11.986439
518.81189	12.647466
519.30695	12.157957
519.802	12.759796
520.29706	12.763698
520.79205	12.941694
521.28711	10.775961
521.78217	8.9411058
522.27722	9.6757708
522.77228	14.370811
523.26733	10.061055
523.76239	10.495096
524.25745	13.4
524.7525	12.132786
525.2475	9.3446856
525.74255	12.338835
526.23761	12.302155
526.73267	14.993944
527.22772	12.146179
527.72278	12.824017
528.21783	13.871535
528.71289	11.573371
529.20795	12.009735
529.70294	9.836688
530.198	10.822555
530.69305	12.171397
531.18811	12.748548
531.68317	12.774511
532.17822	12.698216
532.67328	9.8667412
533.16833	10.546767
533.66339	11.503911
534.15839	9.3769741
534.65344	10.531653
535.1485	14.43554
535.64355	13.351106
536.13861	11.408702
536.63367	13.476632
537.12872	12.039211
537.62378	10.316728
538.11884	12.772912
538.61389	14.471064
539.10889	14
539.60394	12.130177
540.099	12.022152
540.59406	14.406677
541.08911	15.186419
541.58417	14.764129
542.07922	14.191125
542.57428	14.470036
543.06934	11.87898
543.56433	15.408023
544.05939	15.047245
544.55444	13.105995
545.0495	15.616368
545.54456	14.636508
546.03961	14.575339
546.53467	14.291827
547.02972	11.390079
547.52478	10.751166
548.01978	12.767141
548.51483	16.616074
549.00989	17.09918
549.50494	16
550	15.881326
550.49506	13.873443
550.99011	12.966926
551.48517	14.19224
551.98022	17.193516
552.47522	17.322844
552.97028	14.525043
553.46533	14.319989
553.96039	14.132733
554.45544	16.639139
554.9505	16.627436
555.44556	15.582972
555.94061	17.375301
556.43567	15.187486
556.93066	17.484913
557.42572	16.29491
557.92078	18.531488
558.41583	19.297373
558.91089	17.516088
559.40594	20.261339
559.901	20.885815
560.39606	17.134737
560.89111	18.627039
561.38611	21.163113
561.88116	18.945421
562.37622	18.735418
562.87128	15.908797
563.36633	19.024309
563.86139	17.85635
564.35645	21.489546
564.8515	18.233818
565.34656	19.43026
565.84161	21.069038
566.33661	17.476013
566.83167	16.260029
567.32672	16.581078
567.82178	21.815252
568.31683	17.906052
568.81189	14.836398
569.30695	15.600194
569.802	15.795969
570.29706	15.46561
570.79205	18.068111
571.28711	14.682845
571.78217	16.078629
572.27722	10.985377
572.77228	10.903499
573.26733	12.3844
573.76239	15.802299
574.25745	14.644905
574.7525	17.362032
575.2475	14.188189
575.74255	12.508595
576.23761	15.570185
576.73267	13.503667
577.22772	16.365574
577.72278	12.327842
578.21783	12.072604
578.71289	9.6966219
579.20795	10.10191
579.70294	10.772495
580.198	11.743913
580.69305	12.012831
581.18811	13.680818
581.68317	13.651199
582.17822	9.664115
582.67328	8.549159
583.16833	11.019542
583.66339	13.518331
584.15839	11.297973
584.65344	11.805671
585.1485	13.819392
585.64355	12.2
586.13861	10.043264
586.63367	6.9355497
587.12872	8.5104189
587.62378	9.9091835
588.11884	9.1020441
588.61389	10.987052
589.10889	9.7868624
589.60394	9.0693264
590.099	9.5992641
590.59406	9.2340193
591.08911	10.358273
591.58417	10.016582
592.07922	10.156483
592.57428	9.4368982
593.06934	9.5944204
593.56433	7.5595245
594.05939	8.204114
594.55444	9.1419821
595.0495	7.4577661
595.54456	6.9484091
596.03961	7.6066298
596.53467	12.44679
597.02972	13.167352
597.52478	8.1573277
598.01978	8.8116789
598.51483	9.1999998
599.00989	14.681778
599.50494	8.0917053
600	10.380856
600.49506	10.074915
600.99011	9.6292152
601.48517	7.1454692
601.98022	7.9608345
602.47522	11.128776
602.97028	9.2106905
603.46533	8.5883074
603.96039	7.5770106
604.45544	6.8367233
604.9505	7.7387562
605.44556	9.5913544
605.94061	7.1804075
606.43567	6.9285388
606.93066	6.7273936
607.42572	8.6461449
607.92078	7.8000007
608.41583	8.3668671
608.91089	10.01518
609.40594	7.7655773
609.901	9.5630798
610.39606	7.6333518
610.89111	8.2728214
611.38611	5.4000001
611.88116	6.4843678
612.37622	8.6640921
612.87128	8.7577934
613.36633	9.3248129
613.86139	7.8600764
614.35645	6.1312604
614.8515	4.9479656
615.34656	3.5248997
615.84161	5.1543012
616.33661	5.5080171
616.83167	6.2302303
617.32672	8.2497711
617.82178	8.1204023
618.31683	6.4866967
618.81189	6.3912935
619.30695	5.9459014
619.802	7.2866955
620.29706	8.2698984
620.79205	8.7367277
621.28711	6.3781791
621.78217	4.7728601
622.27722	6.9431486
622.77228	8.7017355
623.26733	5.90453
623.76239	8.8112841
624.25745	7.5226707
624.7525	11.181228
625.2475	6.6903625
625.74255	5.2744827
626.23761	8.7966909
626.73267	5.707087
627.22772	6.7144632
627.72278	5.4523311
628.21783	6.1860003
628.71289	5.2136955
629.20795	10.847128
629.70294	5.4047389
630.198	9.4167557
630.69305	7.2001243
631.18811	9.1540604
631.68317	8.638031
632.17822	7.2571092
632.67328	6.1903448
633.16833	8.7958813
633.66339	5.1592579
634.15839	6.3507957
634.65344	6.3617511
635.1485	7.3828373
635.64355	8.4850159
636.13861	6.6540337
636.63367	4.1836677
637.12872	3.4186947
637.62378	4.4958944
638.11884	6.2311468
638.61389	5.8299246
639.10889	6.0297437
639.60394	4.7021494
640.099	3.3738766
640.59406	3.2359147
641.08911	4.0547709
641.58417	4.4000001
642.07922	4.7692537
642.57428	4.7446342
643.06934	5.6602335
643.56433	6.885571
644.05939	6.6319642
644.55444	6.5471854
645.0495	8.1173468
645.54456	5.151803
646.03961	6.1352654
646.53467	3.772567
647.02972	4.2293029
647.52478	5.6325088
648.01978	6.3437018
648.51483	8.442914
649.00989	5.163425
649.50494	6.5696535
650	4.5863209
650.49506	0.68395776
650.99011	3.7266672
651.48517	8.7888098
651.98022	4.2326941
652.47522	5.725049
652.97028	3.1585362
653.46533	6.5277872
653.96039	7.791811
654.45544	7.2318358
654.9505	6.964705
655.44556	4.057189
655.94061	4.0752573
656.43567	4.4051528
656.93066	5.5999999
657.42572	4.5881429
657.92078	3.4140205
658.41583	4.8829918
658.91089	5.7186174
659.40594	5.6966648
659.901	5.4800658
660.39606	4.2333469
660.89111	5.4411039
661.38611	5.3524222
661.88116	5.0283957
662.37622	3.9596434
662.87128	2.9269359
663.36633	2.3736062
663.86139	2.3477495
664.35645	4.3855643
664.8515	3.5765302
665.34656	4.0190468
665.84161	4.8778434
666.33661	5.8756723
666.83167	5.276752
667.32672	4.2713208
667.82178	2.0948238
668.31683	2
668.81189	3.6028123
669.30695	3.8085432
669.802	4
670.29706	3.8796721
670.79205	2.8514121
671.28711	3.4153349
671.78217	4.5999999
672.27722	4.2611785
672.77228	4.3968358
673.26733	7.3419785
673.76239	4.2376881
674.25745	6.5940638
674.7525	5.8977137
675.2475	2.8903704
675.74255	1.9835311
676.23761	3.2730193
676.73267	5.8853111
677.22772	6.6040649
677.72278	4.1125584
678.21783	4.0833793
678.71289	6.5940971
679.20795	8.1229649
679.70294	6.0541406
680.198	3.095793
680.69305	4.9692655
681.18811	6.4462404
681.68317	6.1357088
682.17822	4.0706296
682.67328	1.7649901
683.16833	2.2643116
683.66339	2.0421436
684.15839	1.6300048
684.65344	3.7020042
685.1485	3.0112526
685.64355	2.6689396
686.13861	6.6777248
686.63367	4.1687655
687.12872	4.1602402
687.62378	6.3980012
688.11884	2.8
688.61389	3.1691341
689.10889	4.3640246
689.60394	3.4932091
690.099	3.6767662
690.59406	4.4051228
691.08911	3.74472
691.58417	3.6834712
692.07922	5.0784693
692.57428	5.7670116
693.06934	4.5792842
693.56433	3.8284731
694.05939	3.1986961
694.55444	3.1764839
695.0495	4.087594
695.54456	4.218214
696.03961	1.4770085
696.53467	4.4210005
697.02972	3.8971772
697.52478	4.6092138
698.01978	3.2074037
698.51483	2.4598341
699.00989	4.8726645
699.50494	4.8339415
700	1.3896565
700.49506	2.5770831
700.99011	2.4288213
701.48517	4.1999998
701.98022	4.0215631
702.47522	2.0703866
702.97028	2.4201345
703.46533	1.7298219
703.96039	2.9807575
704.45544	2.7037673
704.9505	3.9722502
705.44556	3.0174694
705.94061	3.5470161
706.43567	5.0703187
706.93066	3.5999999
707.42572	2.5934722
707.92078	4.1586552
708.41583	4.9941602
708.91089	3.7610271
709.40594	1.2161486
709.901	0.71627295
710.39606	1.0678828
710.89111	2.7640934
711.38611	3.7472355
711.88116	4.4183397
712.37622	4.9229922
712.87128	3.3177798
713.36633	3.8784339
713.86139	4.182538
714.35645	6.2909894
714.8515	2.6587291
715.34656	4.7547054
715.84161	2.7659965
716.33661	2.1817839
716.83167	2.2321019
717.32672	4.2913742
717.82178	6.1553073
718.31683	3.6473298
718.81189	2.6484232
719.30695	1.2732984
719.802	4.3751278
720.29706	3.429961
720.79205	3.8
721.28711	4.1654973
721.78217	4.1061573
722.27722	2.4323254
722.77228	2.421488
723.26733	2.8370862
723.76239	3.2440481
724.25745	2.6473701
724.7525	2.4873693
725.2475	5.6186161
725.74255	5.8069253
726.23761	4.1075621
726.73267	4.1472001
727.22772	2.5663345
727.72278	6.5505838
728.21783	3.0653636
728.71289	2.2257936
729.20795	3.5999999
729.70294	3.5022614
730.198	2.6803472
730.69305	2.852149
731.18811	1.4984072
731.68317	3.0498965
732.17822	4.573329
732.67328	4.4128909
733.16833	3.4932129
733.66339	3.6758692
734.15839	2.9341321
734.65344	2.5032868
735.1485	2.2951818
735.64355	2.6498461
736.13861	2.7595549
736.63367	3.1134827
737.12872	2.4483263
737.62378	3.8699269
738.11884	1.71165
738.61389	0.80000001
739.10889	4.9924974
739.60394	3.6907015
740.099	1.1921595
740.59406	4.8444638
741.08911	7.3953934
741.58417	2.8157594
742.07922	3.3775949
742.57428	5.5458622
743.06934	6.3769655
743.56433	5.4812293
744.05939	5.8244176
744.55444	3.5704
745.0495	4.3243527
745.54456	5.2179298
746.03961	5.0330052
746.53467	1.7869687
747.02972	2.5147419
747.52478	4.4894481
748.01978	2.2297006
748.51483	3.1433344
749.00989	2.6945288
749.50494	1.8610091
750	3.7167649
