250	16.308205
250.49506	15.425777
250.9901	17.008688
251.48515	13.338198
251.98019	14.765777
252.47525	19.684984
252.97029	17.967655
253.46535	16.807333
253.9604	19.28813
254.45544	13.879636
254.9505	14.989762
255.44554	13.840193
255.9406	14.413746
256.43564	10.870261
256.93069	11.72494
257.42575	11.834684
257.92081	14.285322
258.41583	15.726971
258.91089	13.877351
259.40594	13.166049
259.901	12.752461
260.39603	14.378217
260.89108	15.600609
261.38614	14.285022
261.8812	14.712447
262.37625	15.985348
262.87128	16.565575
263.36633	14.742772
263.86139	13.486297
264.35645	12.676279
264.85147	20.907934
265.34653	17.32099
265.84158	14.71443
266.33664	15.402274
266.8317	13.44318
267.32672	18.361761
267.82178	15.068981
268.31683	15.377714
268.81189	15.4
269.30695	13.293773
269.80197	14.347682
270.29703	12.331028
270.79208	12.886314
271.28714	13.497531
271.78217	11.754635
272.27722	14.38735
272.77228	15.356217
273.26733	12.92999
273.76239	13.674651
274.25742	14.330902
274.75247	13.600001
275.24753	14.17325
275.74258	14.088272
276.23761	12.952528
276.73267	13.66238
277.22772	15.469484
277.72278	14.720139
278.21783	14.891199
278.71286	18.904081
279.20792	14.694868
279.70297	13.747534
280.19803	14.4
280.69305	14.232219
281.18811	13.053597
281.68317	13.66652
282.17822	14.744113
282.67328	12.610178
283.1683	16.445967
283.66336	10.080066
284.15842	12.652886
284.65347	13.173537
285.14853	11.197207
285.64355	12.247421
286.13861	15.233256
286.63367	13.477724
287.12872	13.453509
287.62375	15.157975
288.1188	13.855361
288.61386	15.77042
289.10892	16.0735
289.60397	15
290.099	15.839609
290.59406	15.217823
291.08911	12.034887
291.58417	10.780548
292.07919	11.880456
292.57425	12.895963
293.06931	15.08599
293.56436	15.465706
294.05942	13.626097
294.55444	14.2
295.0495	14.46529
295.54456	14.822821
296.03961	12.758826
296.53467	13.918148
297.02969	10.200373
297.52475	16.695745
298.01981	10.47291
298.51486	12.03201
299.00989	14.364122
299.50494	15.548186
300	12.270627
300.49506	13.79269
300.99011	13.131721
301.48514	14.680449
301.98019	10.955382
302.47525	12.652826
302.97031	14.754255
303.46533	14.18566
303.96039	11.301884
304.45544	14.588678
304.9505	14.505773
305.44556	12.712259
305.94058	11.701494
306.43564	12.30463
306.93069	12.886189
307.42575	13.591216
307.92081	13.288893
308.41583	13.38733
308.91089	14.658447
309.40594	13.064695
309.901	13.265672
310.39603	14.149884
310.89108	12.18067
311.38614	12.271066
311.8812	10.36624
312.37625	8.7565203
312.87128	14.665095
313.36633	15.897526
313.86139	15.93817
314.35645	13.196426
314.85147	14.767008
315.34653	14.332867
315.84158	13.135301
316.33664	11.008754
316.8317	13.917621
317.32672	14.756852
317.82178	19.398788
318.31683	15.332729
318.81189	15.320353
319.30695	14.390657
319.80197	14.037002
320.29703	12.895461
320.79208	14.583659
321.28714	15.642186
321.78217	13.666795
322.27722	13.622308
322.77228	13.07673
323.26733	16.529186
323.76239	16.124706
324.25742	12.30346
324.75247	12.024969
325.24753	14.912539
325.74258	14.880354
326.23761	13.488211
326.73267	13.072032
327.22772	12.2
327.72278	12.52351
328.21783	13.83415
328.71286	14.916809
329.20792	14.926201
329.70297	15.635417
330.19803	14.855764
330.69305	15.710856
331.18811	16.929882
331.68317	13.714255
332.17822	13.066238
332.67328	14.458159
333.1683	11.179056
333.66336	16.463142
334.15842	16.806473
334.65347	14.453561
335.14853	12.028555
335.64355	12.802253
336.13861	12.997379
336.63367	11.652386
337.12872	15.165424
337.62375	12.840612
338.1188	14.735693
338.61386	12.922125
339.10892	14.95677
339.60397	14.250552
340.099	15.116914
340.59406	15.090447
341.08911	11.849891
341.58417	12.833436
342.07919	16.409941
342.57425	13.101503
343.06931	14.16429
343.56436	15.545745
344.05942	14.175823
344.55444	12.811389
345.0495	11.037993
345.54456	12.729372
346.03961	14.68648
346.53467	12.902252
347.02969	11.209591
347.52475	11.454717
348.01981	12.780909
348.51486	14.457215
349.00989	15.012273
349.50494	12.129144
350	9.168642
350.49506	12.421642
350.99011	15.15978
351.48514	14.544271
351.98019	14.814232
352.47525	14.535295
352.97031	10.572297
353.46533	13.282875
353.96039	12.627271
354.45544	12.220836
354.9505	14.086364
355.44556	11.08254
355.94058	14.737919
356.43564	12.065378
356.93069	12.924768
357.42575	11.574595
357.92081	18.376986
358.41583	10.521401
358.91089	15.5998
359.40594	13.165135
359.901	13
360.39603	13.721149
360.89108	15.559404
361.38614	11.664744
361.8812	12.008488
362.37625	16.639952
362.87128	18.721956
363.36633	15.724433
363.86139	15.713895
364.35645	13.480162
364.85147	10.720844
365.34653	11.26472
365.84158	14.661757
366.33664	13.348322
366.8317	11.742733
367.32672	11.849855
367.82178	12
368.31683	13.525076
368.81189	13.01144
369.30695	14.653402
369.80197	16.364267
370.29703	14.675517
370.79208	13.698483
371.28714	15.215259
371.78217	15.622169
372.27722	14.286942
372.77228	12.819452
373.26733	12.509789
373.76239	14.793554
374.25742	14.739213
374.75247	16.673885
375.24753	15.373555
375.74258	12.21742
376.23761	12.67273
376.73267	10.727113
377.22772	11.853627
377.72278	12.647343
378.21783	13.409602
378.71286	15.03706
379.20792	12.909186
379.70297	13.4
380.19803	13.312121
380.69305	13.113947
381.18811	14.763777
381.68317	11.495652
382.17822	12.655484
382.67328	15.260535
383.1683	10.181235
383.66336	13.964148
384.15842	12.812748
384.65347	13.994519
385.14853	14.588181
385.64355	17.291367
386.13861	11.913046
386.63367	11.6
387.12872	14.700771
387.62375	10.693945
388.1188	10.727209
388.61386	13.908271
389.10892	11.853934
389.60397	13.061193
390.099	15.030588
390.59406	19.403751
391.08911	15.858695
391.58417	13.678823
392.07919	16.714235
392.57425	14.992133
393.06931	12.701052
393.56436	11.63501
394.05942	13.891368
394.55444	17.700499
395.0495	14.250095
395.54456	15.028475
396.03961	15.283916
396.53467	16.122673
397.02969	16.360262
397.52475	13.690402
398.01981	11.971111
398.51486	14.469768
399.00989	17.789553
399.50494	15.215689
400	11.486438
400.49506	13.100331
400.99011	13.358328
401.48514	13.464151
401.98019	15.982304
402.47525	15.757521
402.97031	15.45756
403.46533	13.469963
403.96039	10.521031
404.45544	13.005858
404.9505	15.976362
405.44556	16.895206
405.94058	16.910683
406.43564	12.933973
406.93069	13.855868
407.42575	14.095713
407.92081	12.933455
408.41583	12.915907
408.91089	16.652416
409.40594	18.086222
409.901	16.02739
410.39603	17.771114
410.89108	16.870092
411.38614	16.2775
411.8812	15.188411
412.37625	12.424469
412.87128	12.612825
413.36633	16.801504
413.86139	11.144314
414.35645	11.283205
414.85147	14.530871
415.34653	14.309972
415.84158	16.378183
416.33664	10.423083
416.8317	13.190148
417.32672	15.552457
417.82178	11.373232
418.31683	11.031168
418.81189	17.705425
419.30695	13.376082
419.80197	11.003466
420.29703	15.541151
420.79208	15.795172
421.28714	15.992925
421.78217	11.614373
422.27722	11.965336
422.77228	10.882663
423.26733	16.504385
423.76239	12.818279
424.25742	15.274038
424.75247	14.890189
425.24753	14.97528
425.74258	15.692509
426.23761	10.499687
426.73267	16.212137
427.22772	15.557045
427.72278	15.2
428.21783	15.199999
428.71286	14.232608
429.20792	12.885998
429.70297	14.327807
430.19803	18.21019
430.69305	18.741114
431.18811	16.487093
431.68317	11.613699
432.17822	15.221825
432.67328	13.940444
433.1683	14.236887
433.66336	15.083403
434.15842	14.92054
434.65347	15.630017
435.14853	16.273264
435.64355	16.804054
436.13861	15.274161
436.63367	18.586784
437.12872	14.095891
437.62375	13.461129
438.1188	17.971024
438.61386	15.381546
439.10892	14.755258
439.60397	16.722067
440.099	15.534188
440.59406	15.809795
441.08911	15.065174
441.58417	13.686161
442.07919	15.062531
442.57425	15.866799
443.06931	15.162873
443.56436	15.122521
444.05942	16.355623
444.55444	17.409641
445.0495	16.569178
445.54456	14.175261
446.03961	14.306741
446.53467	17.577347
447.02969	18.041363
447.52475	16.216986
448.01981	15.421988
448.51486	14.721489
449.00989	15.315641
449.50494	16.671103
450	18.597168
450.49506	20.600002
450.99011	18.787374
451.48514	16.315285
451.98019	18.704109
452.47525	21.870531
452.97031	22.373549
453.46533	23.159521
453.96039	22.435539
454.45544	20.326462
454.9505	18.154293
455.44556	20.476692
455.94058	19.526443
456.43564	19.037081
456.93069	19.185324
457.42575	21.586237
457.92081	22.638025
458.41583	20.789865
458.91089	20.936892
459.40594	21.484804
459.901	20.487179
460.39603	23.426285
460.89108	21.004772
461.38614	20.31485
461.8812	23.563641
462.37625	22.217299
462.87128	24.718132
463.36633	24.826126
463.86139	24.457207
464.35645	23.646048
464.85147	22.751074
465.34653	26.256792
465.84158	24.531851
466.33664	23.694874
466.8317	23.970938
467.32672	25.549147
467.82178	24.747065
468.31683	23.882193
468.81189	26.957077
469.30695	26.342693
469.80197	28.538248
470.29703	34.016083
470.79208	31.620813
471.28714	26.140932
471.78217	28
472.27722	28.043594
472.77228	29.692028
473.26733	34.014996
473.76239	30.185913
474.25742	31.786417
474.75247	29.4
475.24753	28.965078
475.74258	28.457262
476.23761	33.522232
476.73267	32.174446
477.22772	28.890579
477.72278	33.563274
478.21783	33.217358
478.71286	31.965694
479.20792	30.141333
479.70297	30.905512
480.19803	30.946745
480.69305	29.004215
481.18811	30.711891
481.68317	33.625809
482.17822	30.766474
482.67328	30.763687
483.1683	31.175676
483.66336	28.90271
484.15842	27.830027
484.65347	25.21097
485.14853	27.242832
485.64355	27.535879
486.13861	32.389084
486.63367	24.814541
487.12872	26.305218
487.62375	28
488.1188	27.13456
488.61386	22.946667
489.10892	26.960779
489.60397	25.421032
490.099	24.750229
490.59406	26.917034
491.08911	27.24789
491.58417	25.052853
492.07919	24.405916
492.57425	25.398249
493.06931	23.997391
493.56436	23.032631
494.05942	24.136965
494.55444	22.951178
495.0495	25.114916
495.54456	24.932919
496.03961	20.003681
496.53467	21.698
497.02969	23.773867
497.52475	19.148674
498.01981	20.089504
498.51486	20.247477
499.00989	19.148331
499.50494	24.151438
500	21.328424
500.49506	19.89138
500.99011	20.061573
501.48514	18.262148
501.98019	19.03952
502.47525	21.558624
502.97031	21.919104
503.46533	19.78738
503.96039	21.384686
504.45544	19.45862
504.9505	20.76729
505.44556	20.89794
505.94058	21.394659
506.43564	17.316132
506.93069	21.628197
507.42575	19.930134
507.92081	16.645981
508.41583	19.600235
508.91089	15.217051
509.40594	16.933132
509.901	19.679892
510.39603	18.190796
510.89108	20.836531
511.38614	17.793472
511.8812	18.678476
512.37622	18.840841
512.87128	17.998322
513.36633	17.445442
513.86139	18.814978
514.35645	19.642405
514.8515	16.799999
515.34656	16.66765
515.84161	17.407923
516.33661	20.420164
516.83167	16.584097
517.32672	17.106621
517.82178	17.747101
518.31683	20.12763
518.81189	17.464119
519.30695	15.207048
519.802	14.305996
520.29706	17.619987
520.79205	18.928352
521.28711	17.068548
521.78217	17.486206
522.27722	19.648197
522.77228	15.403966
523.26733	22.428898
523.76239	16.168577
524.25745	15.95202
524.7525	17.037937
525.2475	16.876328
525.74255	16.300751
526.23761	19.547256
526.73267	19.097961
527.22772	16.020546
527.72278	19.261837
528.21783	18.473038
528.71289	15.732471
529.20795	16.497019
529.70294	19.318783
530.198	20.620512
530.69305	19.993156
531.18811	18.676777
531.68317	14.820379
532.17822	17.484398
532.67328	18.754484
533.16833	17.4
533.66339	16.367859
534.15839	15.445992
534.65344	17.634279
535.1485	19.4
535.64355	18.556129
536.13861	18.343931
536.63367	19.163164
537.12872	17.892357
537.62378	17.269802
538.11884	18.69813
538.61389	20.092636
539.10889	18.316828
539.60394	18.59354
540.099	21.781427
540.59406	20.52906
541.08911	17.799509
541.58417	18.51874
542.07922	18.971291
542.57428	18.417976
543.06934	18.269165
543.56433	18.446733
544.05939	20.417347
544.55444	19.606831
545.0495	18.449495
545.54456	20.854321
546.03961	17.306192
546.53467	17.111685
547.02972	16.271917
547.52478	18.57958
548.01978	21.47764
548.51483	24.376596
549.00989	22.549078
549.50494	18.869278
550	20.200979
550.49506	21.531147
550.99011	21.333809
551.48517	20.526089
551.98022	21.430954
552.47522	19.230612
552.97028	19.123863
553.46533	22.87019
553.96039	25.065416
554.45544	24.962162
554.9505	21.839199
555.44556	21.24922
555.94061	23.374557
556.43567	25.075233
556.93066	25.711552
557.42572	23.437578
557.92078	24.237366
558.41583	20.886984
558.91089	21.309519
559.40594	23.92551
559.901	22.889486
560.39606	25.662554
560.89111	19.668667
561.38611	21.387623
561.88116	17.91271
562.37622	16.686197
562.87128	17.685135
563.36633	16.704414
563.86139	18.450428
564.35645	21.788952
564.8515	18.592131
565.34656	24.539171
565.84161	19.161854
566.33661	18.607689
566.83167	17.407597
567.32672	20.778824
567.82178	17.5721
568.31683	15.851483
568.81189	17.63323
569.30695	18.349186
569.802	17.46405
570.29706	18.307495
570.79205	17.26931
571.28711	17.899996
571.78217	17.271246
572.27722	18.982281
572.77228	16.054586
573.26733	16.369982
573.76239	16.852621
574.25745	19.47156
574.7525	16.599028
575.2475	18.516405
575.74255	17.12719
576.23761	20.606188
576.73267	16.086592
577.22772	16.848234
577.72278	16.82729
578.21783	18.336061
578.71289	18.617357
579.20795	15.24415
579.70294	12.783816
580.198	17.66876
580.69305	17.540745
581.18811	16.165127
581.68317	16.73107
582.17822	13.056229
582.67328	12.683696
583.16833	14.569925
583.66339	17.238321
584.15839	18.243464
584.65344	15.875318
585.1485	15.114217
585.64355	12.699153
586.13861	9.305872
586.63367	11.340464
587.12872	13.787334
587.62378	14.231613
588.11884	14.164175
588.61389	14.484579
589.10889	13.100325
589.60394	12.32124
590.099	12.524347
590.59406	15.149186
591.08911	17.905779
591.58417	16.326719
592.07922	16.295004
592.57428	16.379913
593.06934	12.620003
593.56433	13.395679
594.05939	11.956642
594.55444	14.102709
595.0495	13.284175
595.54456	12.481584
596.03961	12.887313
596.53467	14.325503
597.02972	16.796259
597.52478	15.822245
598.01978	17.355001
598.51483	17.242439
599.00989	13.558323
599.50494	13.385389
600	13.966159
600.49506	14.192051
600.99011	15.763254
601.48517	14.011127
601.98022	13.012726
602.47522	14.205526
602.97028	14.565551
603.46533	17.432573
603.96039	12.497582
604.45544	15.919795
604.9505	17
605.44556	16.490114
605.94061	13.44239
606.43567	15.137791
606.93066	16.351229
607.42572	13.527234
607.92078	11.146475
608.41583	14.254258
608.91089	15.10242
609.40594	17.297737
609.901	13.104034
610.39606	12.4
610.89111	11.728659
611.38611	12.238738
611.88116	15.079849
612.37622	13.265155
612.87128	13.928229
613.36633	16.226294
613.86139	13.945529
614.35645	11.653964
614.8515	12.54452
615.34656	12.986007
615.84161	13.596638
616.33661	13.550823
616.83167	12.449912
617.32672	14.433465
617.82178	14.030435
618.31683	13
618.81189	15.436218
619.30695	13.35447
619.802	16.24353
620.29706	14.750952
620.79205	12.765805
621.28711	12.302459
621.78217	11.131886
622.27722	11.89939
622.77228	11.394646
623.26733	12.519306
623.76239	14.833757
624.25745	13.465255
624.7525	11.603917
625.2475	13.219882
625.74255	12.842131
626.23761	11.281006
626.73267	10.032395
627.22772	15.957024
627.72278	11.240366
628.21783	14.290678
628.71289	11.388694
629.20795	11.216061
629.70294	11.560459
630.198	12.492703
630.69305	8.8289089
631.18811	10.025105
631.68317	14.822126
632.17822	13.36734
632.67328	13.216647
633.16833	11.260294
633.66339	12.428686
634.15839	10.4
634.65344	11.169793
635.1485	13.006489
635.64355	12.667489
636.13861	10.854574
636.63367	10.98874
637.12872	12.312955
637.62378	11.741994
638.11884	11.392455
638.61389	12.406678
639.10889	12.567308
639.60394	11.779785
640.099	11.255909
640.59406	10.880565
641.08911	11.172071
641.58417	10.369505
642.07922	13.134442
642.57428	13.41769
643.06934	13.373449
643.56433	8.127882
644.05939	10.785046
644.55444	13.458842
645.0495	11.202233
645.54456	12.936154
646.03961	10.648975
646.53467	7.5424409
647.02972	11.014593
647.52478	12.707641
648.01978	12.417466
648.51483	15.347366
649.00989	11.79651
649.50494	11.313129
650	8.5769644
650.49506	8.4514151
650.99011	11.34918
651.48517	12.493399
651.98022	11.608862
652.47522	10.6
652.97028	10.139453
653.46533	9.6705227
653.96039	12.815885
654.45544	9.7711782
654.9505	9.4493752
655.44556	11.209493
655.94061	11.929347
656.43567	10.093122
656.93066	11.134512
657.42572	10.2
657.92078	7.0163789
658.41583	8.9505816
658.91089	12.724576
659.40594	10.78138
659.901	10.485168
660.39606	9.4370537
660.89111	9.4269562
661.38611	11.498141
661.88116	12.672381
662.37622	9.9647207
662.87128	9.2420673
663.36633	8.6384096
663.86139	8.8732138
664.35645	10.143542
664.8515	8.7101145
665.34656	11.543449
665.84161	7.6725535
666.33661	9.7926512
666.83167	9.2367878
667.32672	12.344087
667.82178	13.740359
668.31683	8.5028753
668.81189	10.95907
669.30695	10.747301
669.802	13.246891
670.29706	7.9502478
670.79205	9.5878172
671.28711	12.409657
671.78217	10.205781
672.27722	13.172313
672.77228	12.488914
673.26733	9.4373922
673.76239	11.317316
674.25745	9.9583368
674.7525	8.7647505
675.2475	7.8575821
675.74255	7.706131
676.23761	10.787103
676.73267	10.508085
677.22772	8.5779619
677.72278	11.08976
678.21783	12.016922
678.71289	8.6947117
679.20795	11.512927
679.70294	10.92553
680.198	11.414072
680.69305	10.625364
681.18811	8.7713919
681.68317	11.035936
682.17822	10.916862
682.67328	9.7345667
683.16833	11.437096
683.66339	11.6
684.15839	7.0955377
684.65344	12.986589
685.1485	11.640062
685.64355	12.486927
686.13861	11.060768
686.63367	11.388979
687.12872	10.195046
687.62378	11.238677
688.11884	11.175847
688.61389	9.7341452
689.10889	9.0765524
689.60394	11.750422
690.099	11.222609
690.59406	10.773418
691.08911	7.8053451
691.58417	6.7565031
692.07922	8.8282681
692.57428	8.9602623
693.06934	9.4664898
693.56433	11.084958
694.05939	11
694.55444	10.617076
695.0495	10.669057
695.54456	9.6709232
696.03961	12.297182
696.53467	16.323009
697.02972	11.913389
697.52478	10.098155
698.01978	13.47606
698.51483	8.9547644
699.00989	11.385897
699.50494	9.855401
700	10.598165
700.49506	9.5213804
700.99011	12.761288
701.48517	9.6666164
701.98022	11.865124
702.47522	11.403265
702.97028	13.155208
703.46533	12.058058
703.96039	10.415602
704.45544	7.8669596
704.9505	10.416398
705.44556	10.98809
705.94061	9.6558647
706.43567	10.405312
706.93066	10.728501
707.42572	11.4865
707.92078	8.5121021
708.41583	10.778129
708.91089	12.569568
709.40594	11.410911
709.901	10.789215
710.39606	9.3052721
710.89111	14.370394
711.38611	12.252638
711.88116	9.8818741
712.37622	12.01096
712.87128	9.8932419
713.36633	11.457801
713.86139	10.246593
714.35645	9.5992498
714.8515	8.6851835
715.34656	10.785415
715.84161	10.666512
716.33661	11.752865
716.83167	14.230838
717.32672	11.234582
717.82178	12.749498
718.31683	13.121728
718.81189	13.032695
719.30695	8.5312967
719.802	7.9129186
720.29706	9.3082294
720.79205	10.189677
721.28711	12.570674
721.78217	11.546078
722.27722	12.468062
722.77228	11.556823
723.26733	10.14082
723.76239	11.051937
724.25745	11.013154
724.7525	9.8764467
725.2475	11.216166
725.74255	8.7304974
726.23761	10.848309
726.73267	9.5397768
727.22772	9.7832031
727.72278	11.794854
728.21783	12.514073
728.71289	10.029113
729.20795	10.467308
729.70294	10.168983
730.198	6.4875493
730.69305	10.796501
731.18811	9.8227053
731.68317	10.333241
732.17822	9.0042276
732.67328	9.3238716
733.16833	10.876702
733.66339	10.457349
734.15839	9.9859991
734.65344	11.621477
735.1485	9.7960482
735.64355	10.183768
736.13861	9.8822803
736.63367	9.67733
737.12872	11.119074
737.62378	10.82639
738.11884	9.3022852
738.61389	6.6166477
739.10889	10.304292
739.60394	11.359905
740.099	8.8773718
740.59406	10.595478
741.08911	10.242006
741.58417	10.887874
742.07922	9.8000002
742.57428	10.282363
743.06934	11.531338
743.56433	8.6209011
744.05939	12.072906
744.55444	12.865782
745.0495	10.696217
745.54456	8.9518118
746.03961	10.183761
746.53467	10.801006
747.02972	9.9018641
747.52478	9.6132317
748.01978	11.072138
748.51483	9.4720039
749.00989	8.3999996
749.50494	10.797792
750	10.650111
