250	12.6
250.49506	12.808593
250.9901	14.047264
251.48515	15.895967
251.98019	14.323302
252.47525	17.097765
252.97029	15.578437
253.46535	14.804889
253.9604	16.331158
254.45544	16.4
254.9505	12.513913
255.44554	16.079422
255.9406	16.637251
256.43564	16.133783
256.93069	16.148073
257.42575	15.210697
257.92081	14.665735
258.41583	13.711213
258.91089	14.161325
259.40594	15.252839
259.901	15.917827
260.39603	15.109984
260.89108	13.354175
261.38614	13.450216
261.8812	13.740769
262.37625	12.471395
262.87128	13.306053
263.36633	14.628317
263.86139	14.402492
264.35645	14.913114
264.85147	14.964245
265.34653	16.360495
265.84158	14.954228
266.33664	14.649432
266.8317	15.2
267.32672	15.16851
267.82178	12.456809
268.31683	18.065714
268.81189	15.297057
269.30695	16.57967
269.80197	11.577735
270.29703	13.679318
270.79208	18.279692
271.28714	19.102468
271.78217	15.025366
272.27722	15.025928
272.77228	15.671244
273.26733	15.478234
273.76239	15.745775
274.25742	16.434549
274.75247	14.24769
275.24753	12.659875
275.74258	14.04483
276.23761	13.362639
276.73267	13.041802
277.22772	14.705157
277.72278	14.468404
278.21783	17.76082
278.71286	17.807535
279.20792	11.82053
279.70297	15.9787
280.19803	14.785056
280.69305	13.647938
281.18811	14.017866
281.68317	14.366299
282.17822	17.052662
282.67328	11.426833
283.1683	16.784353
283.66336	15.137161
284.15842	13.742929
284.65347	14.46769
285.14853	12.931006
285.64355	11.152579
286.13861	14.982231
286.63367	15.013047
287.12872	12.750731
287.62375	14.308558
288.1188	13.973931
288.61386	11.21972
289.10892	12.113616
289.60397	14.712271
290.099	13.396023
290.59406	12.68345
291.08911	13.256794
291.58417	12.313272
292.07919	12.843648
292.57425	13.128028
293.06931	12.068598
293.56436	13.69487
294.05942	17.565243
294.55444	16.674131
295.0495	10.684302
295.54456	14.06935
296.03961	14.67807
296.53467	12.26225
297.02969	14.041045
297.52475	14.311013
298.01981	13.199999
298.51486	13.202667
299.00989	13.39701
299.50494	10.912264
300	14.314339
300.49506	14.6
300.99011	13.731722
301.48514	12.423685
301.98019	11.55286
302.47525	13.58468
302.97031	14.651419
303.46533	14.655095
303.96039	14.877568
304.45544	14.73402
304.9505	13.835258
305.44556	12.790324
305.94058	14.495517
306.43564	14.232592
306.93069	13.218415
307.42575	13.897365
307.92081	14.949204
308.41583	15.711815
308.91089	14.693658
309.40594	13.323526
309.901	14.478806
310.39603	15.94678
310.89108	14.2
311.38614	13.98071
311.8812	12.563147
312.37625	11.124153
312.87128	14.669808
313.36633	12.497526
313.86139	13.054333
314.35645	13.574601
314.85147	14.620585
315.34653	10.467133
315.84158	11.688227
316.33664	14.597082
316.8317	13.62746
317.32672	14.356852
317.82178	13.664194
318.31683	10.562256
318.81189	14.015922
319.30695	13.927105
319.80197	13.962998
320.29703	11.633129
320.79208	10.847411
321.28714	15.664058
321.78217	15.409009
322.27722	15.55936
322.77228	16.659479
323.26733	13.451056
323.76239	15.169732
324.25742	17.017628
324.75247	14.484144
325.24753	13.33126
325.74258	13.09191
326.23761	12.688211
326.73267	12.727012
327.22772	12.915606
327.72278	14.408774
328.21783	14.690018
328.71286	14.332763
329.20792	14.821399
329.70297	11.660764
330.19803	12.134583
330.69305	12.898449
331.18811	12.92057
331.68317	13.550971
332.17822	12.230374
332.67328	13.8909
333.1683	12.225968
333.66336	12.905137
334.15842	17.038729
334.65347	15.2
335.14853	15.235694
335.64355	16.148176
336.13861	11.660282
336.63367	12.177549
337.12872	16.516041
337.62375	16.068747
338.1188	13.686332
338.61386	11.668437
339.10892	13.42009
339.60397	13.143172
340.099	13.797795
340.59406	13.845222
341.08911	13.49999
341.58417	12.238038
342.07919	14.328947
342.57425	14.854728
343.06931	14.599999
343.56436	15.998402
344.05942	16.799999
344.55444	17.153166
345.0495	14.675991
345.54456	13.691749
346.03961	14.6
346.53467	13.202101
347.02969	13.132864
347.52475	15.236603
348.01981	15.392627
348.51486	14.928607
349.00989	13.771543
349.50494	11.126746
350	13.283228
350.49506	15.015197
350.99011	10.020386
351.48514	12.671898
351.98019	16.48221
352.47525	14.196775
352.97031	11.557096
353.46533	11.790417
353.96039	13.883641
354.45544	16.019642
354.9505	15.487954
355.44556	18.163923
355.94058	13.349442
356.43564	16.699261
356.93069	12.428211
357.42575	12.920184
357.92081	9.8184118
358.41583	16.10288
358.91089	13.311222
359.40594	13.764614
359.901	13.8
360.39603	15.783161
360.89108	13.184955
361.38614	11.938488
361.8812	13.648894
362.37625	13.177787
362.87128	15.24391
363.36633	12.992372
363.86139	11.43842
364.35645	12.089355
364.85147	13.990056
365.34653	14.459476
365.84158	15.353918
366.33664	13.811242
366.8317	11.256392
367.32672	14.522605
367.82178	15.78972
368.31683	13.005671
368.81189	13.075091
369.30695	13.102537
369.80197	11.458311
370.29703	10.288872
370.79208	11.37573
371.28714	15.075713
371.78217	16.131567
372.27722	15.556359
372.77228	16.300879
373.26733	14.485956
373.76239	14.012891
374.25742	14.482811
374.75247	13.169427
375.24753	15.73477
375.74258	15.167807
376.23761	13.27273
376.73267	11.92682
377.22772	13.63912
377.72278	12.110134
378.21783	13.833941
378.71286	11.75979
379.20792	11.781978
379.70297	12.40131
380.19803	12.015148
380.69305	15.259892
381.18811	13.091836
381.68317	13.570434
382.17822	11.447903
382.67328	12.096991
383.1683	13.690619
383.66336	15.605976
384.15842	15.787253
384.65347	14.605481
385.14853	19.697567
385.64355	11.149177
386.13861	13.63808
386.63367	16.396282
387.12872	13.134433
387.62375	17.106054
388.1188	12.327911
388.61386	11.945363
389.10892	15.903966
389.60397	14.44045
390.099	14.652235
390.59406	15.600751
391.08911	13.607646
391.58417	14.228237
392.07919	14.901294
392.57425	14.704436
393.06931	15.754621
393.56436	18.036217
394.05942	16.170223
394.55444	15.945173
395.0495	13.629222
395.54456	12.329139
396.03961	13.537063
396.53467	14.81524
397.02969	16.039738
397.52475	15.7796
398.01981	16.229998
398.51486	15.331395
399.00989	14.648847
399.50494	13.302424
400	13.962385
400.49506	15.299858
400.99011	13.915349
401.48514	13.118525
401.98019	14.896494
402.47525	17.576992
402.97031	17.199026
403.46533	13.986748
403.96039	12.04464
404.45544	14.354297
404.9505	15.494556
405.44556	16.064573
405.94058	15.371225
406.43564	16.398464
406.93069	15.119837
407.42575	16.104288
407.92081	15.34205
408.41583	13.139089
408.91089	15.854136
409.40594	14.663013
409.901	16.669132
410.39603	14.496453
410.89108	13.189722
411.38614	13.946671
411.8812	11.744019
412.37625	14.253186
412.87128	18.481222
413.36633	15.132832
413.86139	16.053335
414.35645	10.708636
414.85147	14.153913
415.34653	13.779335
415.84158	13.709733
416.33664	14.768131
416.8317	14.427164
417.32672	14.811253
417.82178	15.03569
418.31683	15.786792
418.81189	15.365608
419.30695	13.786049
419.80197	12.402022
420.29703	16.546268
420.79208	16.209658
421.28714	11.569796
421.78217	15.594949
422.27722	17.119118
422.77228	14.034212
423.26733	18.400311
423.76239	15.163722
424.25742	12.10559
424.75247	12.864717
425.24753	14.051676
425.74258	15.238762
426.23761	14.374134
426.73267	14.2
427.22772	12.357045
427.72278	15.639378
428.21783	15.256738
428.71286	16.451088
429.20792	17.595715
429.70297	17.799999
430.19803	12.374699
430.69305	14.624063
431.18811	17.912907
431.68317	18.450489
432.17822	15.593686
432.67328	13.143068
433.1683	15.473777
433.66336	18.017017
434.15842	18.180809
434.65347	15.50995
435.14853	14.536633
435.64355	14.195947
436.13861	14.663783
436.63367	13.953303
437.12872	15.462803
437.62375	16.855095
438.1188	15.110665
438.61386	17.349949
439.10892	14.878466
439.60397	15.610332
440.099	17.881014
440.59406	15.215373
441.08911	16.522684
441.58417	16.295542
442.07919	13.837487
442.57425	15.843475
443.06931	17.690718
443.56436	18.567564
444.05942	16.639313
444.55444	15.248205
445.0495	17.849318
445.54456	18.891165
446.03961	17.596405
446.53467	17.392448
447.02969	18.291138
447.52475	17.259447
448.01981	16.65053
448.51486	15.928935
449.00989	16.10598
449.50494	17.96743
450	16.933805
450.49506	17.649593
450.99011	19.345261
451.48514	17.597387
451.98019	18.189222
452.47525	22.376329
452.97031	18.928389
453.46533	16.400599
453.96039	17.521486
454.45544	18.095682
454.9505	18.894905
455.44556	19.147583
455.94058	20.694227
456.43564	21.925838
456.93069	21.200994
457.42575	18.515793
457.92081	20.338541
458.41583	21.283558
458.91089	22.399239
459.40594	21.408163
459.901	20.913805
460.39603	22.017523
460.89108	21.954882
461.38614	23.105844
461.8812	23.097322
462.37625	23.38588
462.87128	18.554398
463.36633	21.196695
463.86139	24.970728
464.35645	22.894966
464.85147	23.815819
465.34653	28.948153
465.84158	26.610073
466.33664	25
466.8317	25.15571
467.32672	26.108538
467.82178	27.750677
468.31683	28.15081
468.81189	27.174063
469.30695	25.789101
469.80197	28.989264
470.29703	27.18392
470.79208	26.066431
471.28714	21.732639
471.78217	26.338545
472.27722	24.828295
472.77228	28.43944
473.26733	30.673035
473.76239	29.865196
474.25742	29.090866
474.75247	31.040464
475.24753	30.96277
475.74258	30.235737
476.23761	31.005589
476.73267	30.351934
477.22772	30.51112
477.72278	29.024349
478.21783	31.726942
478.71286	31.182846
479.20792	30.694666
479.70297	33.246193
480.19803	33.354027
480.69305	29.353003
481.18811	33.593204
481.68317	32.410622
482.17822	35.595379
482.67328	31.3381
483.1683	29.902081
483.66336	29.205421
484.15842	27.693357
484.65347	24.873547
485.14853	24.388601
485.64355	25.676294
486.13861	27.384033
486.63367	28.645187
487.12872	28.596003
487.62375	21.366793
488.1188	25.256542
488.61386	29.119465
489.10892	29.560778
489.60397	27.394644
490.099	23.646385
490.59406	28.980366
491.08911	30.114328
491.58417	23.505701
492.07919	21.799999
492.57425	22.174683
493.06931	24.428944
493.56436	23.960262
494.05942	20.229227
494.55444	20.575588
495.0495	21.628729
495.54456	21.510973
496.03961	19.916389
496.53467	20.072708
497.02969	17.914648
497.52475	23.883902
498.01981	26.278435
498.51486	18.451931
499.00989	22.629482
499.50494	19.037319
500	22.894749
500.49506	18.37874
500.99011	21.323105
501.48514	19.458187
501.98019	19.201109
502.47525	26.308922
502.97031	18.688538
503.46533	19.81262
503.96039	18.119471
504.45544	19.218107
504.9505	16.625227
505.44556	19.660711
505.94058	23.49733
506.43564	20.660692
506.93069	18.862558
507.42575	19.104662
507.92081	22.695017
508.41583	19.82847
508.91089	22.01705
509.40594	21.533735
509.901	15.928765
510.39603	19.322174
510.89108	16.62904
511.38614	18.025642
511.8812	19.446854
512.37622	18.716213
512.87128	20.228582
513.36633	15.209069
513.86139	17.422466
514.35645	19.715822
514.8515	18.628525
515.34656	16.947033
515.84161	20.731573
516.33661	19.845377
516.83167	18.665289
517.32672	14.760278
517.82178	16.789421
518.31683	17.015789
518.81189	15.848717
519.30695	15.901175
519.802	15.398668
520.29706	15.678315
520.79205	17.256704
521.28711	14.918871
521.78217	15.584434
522.27722	15.327978
522.77228	17.253468
523.26733	20.33873
523.76239	21.08429
524.25745	19.91995
524.7525	18.751747
525.2475	20.39694
525.74255	18.510778
526.23761	16.715015
526.73267	14.881508
527.22772	14.393711
527.72278	15.454592
528.21783	16.733652
528.71289	17.545418
529.20795	18.571983
529.70294	17.69924
530.198	19.992077
530.69305	20.285793
531.18811	17.673601
531.68317	18.247478
532.17822	18.622236
532.67328	18.15373
533.16833	17.381033
533.66339	15.323627
534.15839	16.699476
534.65344	17.825151
535.1485	16.333412
535.64355	17.10297
536.13861	15.514188
536.63367	17.147343
537.12872	20.019188
537.62378	19.630861
538.11884	19.023598
538.61389	15.83141
539.10889	15.613772
539.60394	19.842581
540.099	19.381428
540.59406	18.424471
541.08911	19.401596
541.58417	21.493753
542.07922	19.868418
542.57428	18.068539
543.06934	17.506166
543.56433	20.510302
544.05939	21.691681
544.55444	20.6
545.0495	20.487627
545.54456	20.399998
546.03961	21.904989
546.53467	21.361214
547.02972	19.486839
547.52478	20.566698
548.01978	21.722359
548.51483	20.683777
549.00989	18.866955
549.50494	21.644125
550	22.434776
550.49506	21.799999
550.99011	20.868328
551.48517	20.939133
551.98022	23.388361
552.47522	25.923164
552.97028	21.402136
553.46533	21.759277
553.96039	22.223055
554.45544	22
554.9505	22.7402
555.44556	22.251295
555.94061	22.455667
556.43567	21.831976
556.93066	18.951815
557.42572	25.759754
557.92078	22.369949
558.41583	22.291485
558.91089	19.326202
559.40594	20.593296
559.901	24.02103
560.39606	20.516598
560.89111	20.831263
561.38611	20.128868
561.88116	20.35339
562.37622	20.756901
562.87128	18.810585
563.36633	16.956621
563.86139	21.611115
564.35645	20.499317
564.8515	18.506739
565.34656	21.085888
565.84161	21.977674
566.33661	20.430754
566.83167	19.605064
567.32672	18.792059
567.82178	17.6124
568.31683	18.394279
568.81189	18.191692
569.30695	17.949186
569.802	17.153721
570.29706	19.353746
570.79205	18.280178
571.28711	13.240019
571.78217	16.838339
572.27722	14.417719
572.77228	16.635786
573.26733	12.880672
573.76239	18.608427
574.25745	16.322498
574.7525	15.074879
575.2475	15.198942
575.74255	14.913751
576.23761	16.125574
576.73267	14.325419
577.22772	16.657648
577.72278	17.692009
578.21783	15.480051
578.71289	15.908679
579.20795	15.322241
579.70294	17.071863
580.198	18.594975
580.69305	14.635627
581.18811	14.134033
581.68317	16.09903
582.17822	16.056229
582.67328	18.1828
583.16833	19.758753
583.66339	16.578741
584.15839	16.886929
584.65344	15.541742
585.1485	13.864338
585.64355	14.845702
586.13861	15.992172
586.63367	14.488964
587.12872	12.599232
587.62378	14.383313
588.11884	15.984485
588.61389	16.007944
589.10889	15.654781
589.60394	14.393803
590.099	15.119127
590.59406	13.123356
591.08911	13.297512
591.58417	13.13022
592.07922	15.74814
592.57428	15.239597
593.06934	15.9752
593.56433	16.014486
594.05939	15.351328
594.55444	17.797161
595.0495	13.920477
595.54456	12.918416
596.03961	13.974626
596.53467	16.353943
597.02972	12.407482
597.52478	14.699951
598.01978	15.3755
598.51483	14.148535
599.00989	12.907497
599.50494	11.873052
600	13.875914
600.49506	13.231795
600.99011	13.981627
601.48517	13.204945
601.98022	14.429692
602.47522	17.034195
602.97028	11.443458
603.46533	16.068777
603.96039	14.183467
604.45544	13.700513
604.9505	11.444586
605.44556	14.638984
605.94061	13.993886
606.43567	15.659537
606.93066	13.860142
607.42572	16.436314
607.92078	11.864789
608.41583	11.788642
608.91089	14.14613
609.40594	16.064657
609.901	12.6
610.39606	12.662997
610.89111	11.658721
611.38611	10.672973
611.88116	13.074307
612.37622	14.44646
612.87128	15.335885
613.36633	13.198229
613.86139	13.385655
614.35645	13.294437
614.8515	11.412329
615.34656	12.009995
615.84161	13.735603
616.33661	13.529799
616.83167	13.699824
617.32672	13.349916
617.82178	12.962208
618.31683	12.826602
618.81189	12.984666
619.30695	13.465041
619.802	15.375468
620.29706	12.550952
620.79205	12.736781
621.28711	14.143854
621.78217	11.653422
622.27722	12.99878
622.77228	16.016064
623.26733	13.466648
623.76239	10.427282
624.25745	13.12254
624.7525	10.053149
625.2475	17.243505
625.74255	13.722997
626.23761	11.311383
626.73267	13.924411
627.22772	13.205729
627.72278	15.131882
628.21783	9.8801689
628.71289	12.10175
629.20795	13.783939
629.70294	13.539828
630.198	13.096628
630.69305	14.26254
631.18811	15.776488
631.68317	9.7133627
632.17822	10.618349
632.67328	11.370567
633.16833	9.260294
633.66339	10.704156
634.15839	10.236866
634.65344	11.943402
635.1485	12.225954
635.64355	13.506996
636.13861	13.467507
636.63367	15.271135
637.12872	14.014569
637.62378	10.308398
638.11884	9.9113178
638.61389	12.524212
639.10889	14.029169
639.60394	12.8
640.099	12.341211
640.59406	13.313793
641.08911	13.207811
641.58417	10.410196
642.07922	11.867554
642.57428	11.541228
643.06934	11.373449
643.56433	12.635265
644.05939	11.777321
644.55444	10.298513
645.0495	14.870813
645.54456	12.996372
646.03961	15.322964
646.53467	10.307712
647.02972	11.416472
647.52478	9.5451365
648.01978	11.503932
648.51483	11.6
649.00989	9.2401371
649.50494	13.756565
650	12.307855
650.49506	10.716195
650.99011	9.9704914
651.48517	11.373349
651.98022	11.900841
652.47522	15.162028
652.97028	12.1533
653.46533	9.5646362
653.96039	13.015884
654.45544	10.543231
654.9505	10.153124
655.44556	7.668776
655.94061	10.088565
656.43567	12.853439
656.93066	11.417698
657.42572	10.511833
657.92078	11.242723
658.41583	11.80353
658.91089	10.774858
659.40594	10.637243
659.901	11.114832
660.39606	10.116685
660.89111	12.910952
661.38611	13.301856
661.88116	13.217145
662.37622	10.906485
662.87128	12.452405
663.36633	12.333774
663.86139	9.7916698
664.35645	10.180179
664.8515	11.413932
665.34656	11.949272
665.84161	12.721241
666.33661	8.9110231
666.83167	8.9816065
667.32672	9.7860222
667.82178	11.206627
668.31683	11.625902
668.81189	7.645577
669.30695	10.826349
669.802	9.6129951
670.29706	12.119206
670.79205	9.3283796
671.28711	10.081522
671.78217	12.588435
672.27722	8.7296877
672.77228	12.872024
673.26733	13.027446
673.76239	10.36396
674.25745	9.3530293
674.7525	9.2705002
675.2475	10.557567
675.74255	11.400575
676.23761	8.4112854
676.73267	8.5765953
677.22772	10.555094
677.72278	11.701676
678.21783	11.094038
678.71289	12.718819
679.20795	11.573978
679.70294	8.0070534
680.198	7.7336693
680.69305	9.8328476
681.18811	9.9237976
681.68317	8.8115244
682.17822	12.528049
682.67328	9.6485548
683.16833	7.9140339
683.66339	9.8875446
684.15839	10.195846
684.65344	12.380841
685.1485	10.456086
685.64355	11.955476
686.13861	13.756928
686.63367	11.573623
687.12872	10.912384
687.62378	8.0905838
688.11884	8.2794094
688.61389	12.990243
689.10889	10.697523
689.60394	7.8715496
690.099	10.558261
690.59406	13.316853
691.08911	10.57487
691.58417	11.552238
692.07922	11.436707
692.57428	11.155295
693.06934	10.378863
693.56433	9.1292505
694.05939	10.876075
694.55444	10.191891
695.0495	8.3309431
695.54456	7.0709229
696.03961	9.9921522
696.53467	10.584629
697.02972	8.9581966
697.52478	10.105535
698.01978	10.747606
698.51483	10.439625
699.00989	12.452804
699.50494	10.467711
700	12.390514
700.49506	6.3213806
700.99011	9.7336912
701.48517	9.2922153
701.98022	13.734878
702.47522	13.49102
702.97028	9.0199671
703.46533	12.858058
703.96039	12.83069
704.45544	12.181019
704.9505	9.4229584
705.44556	11.605512
705.94061	11.249763
706.43567	10.080832
706.93066	9.1080732
707.42572	11.917357
707.92078	11.92842
708.41583	12.128473
708.91089	11.200438
709.40594	9.0327282
709.901	10.727782
710.39606	12.087717
710.89111	14.006614
711.38611	10.810532
711.88116	10.459064
712.37622	8.8778858
712.87128	11.285813
713.36633	12.528902
713.86139	7.3797188
714.35645	7.6016517
714.8515	9.7070732
715.34656	7.7208867
715.84161	11.267901
716.33661	7.5528655
716.83167	11.276149
717.32672	12.704669
717.82178	10.402008
718.31683	10.188424
718.81189	8.9813166
719.30695	9.729373
719.802	9.7951155
720.29706	10.9798
720.79205	10.344651
721.28711	10.789002
721.78217	9.6539221
722.27722	8.4979057
722.77228	8.2486353
723.26733	9.9820337
723.76239	8.4352303
724.25745	7.6934233
724.7525	7.6460743
725.2475	10.670713
725.74255	11.062411
726.23761	10.11723
726.73267	9.8155308
727.22772	10.758008
727.72278	9.004632
728.21783	11.17356
728.71289	10.763913
729.20795	15.242947
729.70294	13.228341
730.198	9.0250101
730.69305	9.5516682
731.18811	8.3698673
731.68317	9.2787714
732.17822	9.2723045
732.67328	10.180638
733.16833	10.296989
733.66339	9.7828436
734.15839	8.9055004
734.65344	9.8356314
735.1485	9.5326948
735.64355	10.090508
736.13861	12.84213
736.63367	9.9947081
737.12872	10.305328
737.62378	10.381111
738.11884	8.5778561
738.61389	6.4976053
739.10889	10.661186
739.60394	7.8405647
740.099	7.9880972
740.59406	11.402262
741.08911	11.494985
741.58417	9.1514959
742.07922	5.3760657
742.57428	9.2689085
743.06934	10.283944
743.56433	12.340594
744.05939	11.591133
744.55444	12.598938
745.0495	10.371407
745.54456	8.0835342
746.03961	8.9350414
746.53467	10.301257
747.02972	10.8
747.52478	9.7544165
748.01978	9.3737736
748.51483	8.2700024
749.00989	10.711173
749.50494	10.351518
750	8.850112
