250	11.055743
250.49506	9.4993782
250.9901	8.3913107
251.48515	11.978885
251.98019	10.620207
252.47525	10.863897
252.97029	11.729919
253.46535	9.215889
253.9604	12.07092
254.45544	8.8877821
254.9505	10.013123
255.44554	10.709928
255.9406	11.776495
256.43564	12.777029
256.93069	11.223132
257.42575	11.306645
257.92081	10.123074
258.41583	10.288787
258.91089	10.8
259.40594	11.932097
259.901	11.95246
260.39603	9.019968
260.89108	8.368434
261.38614	11.560345
261.8812	11.369091
262.37625	7.8430233
262.87128	8.4837313
263.36633	10.684949
263.86139	9.6024914
264.35645	9.3745737
264.85147	7.1284909
265.34653	10.340123
265.84158	10.022886
266.33664	10.018751
266.8317	8.1402969
267.32672	10.993252
267.82178	10.412172
268.31683	10.211143
268.81189	6.1844287
269.30695	7.3796701
269.80197	8.7792215
270.29703	12.241388
270.79208	9.1203079
271.28714	7.7024693
271.78217	7.7419515
272.27722	7.5290122
272.77228	9.460104
273.26733	9.1388168
273.76239	9.1220665
274.25742	9.8000011
274.75247	8.6769838
275.24753	9.7019176
275.74258	11.288272
276.23761	8.9976578
276.73267	8.2141485
277.22772	10.130516
277.72278	10.25139
278.21783	9.6131029
278.71286	7.5470171
279.20792	9.3102417
279.70297	6.5802712
280.19803	11.707881
280.69305	11.2
281.18811	10.98561
281.68317	8.8110867
282.17822	8.9695158
282.67328	7.8055515
283.1683	10.876774
283.66336	9.8822975
284.15842	8.902092
284.65347	11.750141
285.14853	11.532402
285.64355	9.6309299
286.13861	5.7922564
286.63367	7.4706454
287.12872	7.9732461
287.62375	9.4295702
288.1188	10.2
288.61386	10.076232
289.10892	10.939384
289.60397	9.7091398
290.099	9.2495127
290.59406	8.0280075
291.08911	7.379312
291.58417	9.8938208
292.07919	12.248208
292.57425	12.384085
293.06931	8.5884066
293.56436	8.9211521
294.05942	10.382565
294.55444	9.1146212
295.0495	13.26529
295.54456	12.545419
296.03961	6.2524118
296.53467	9.5213251
297.02969	8.8768654
297.52475	8.1411133
298.01981	12.23595
298.51486	8.7919979
299.00989	8.2089691
299.50494	12.027286
300	7.3909059
300.49506	11.302456
300.99011	7.8059177
301.48514	9.0484943
301.98019	8.2675066
302.47525	11.901216
302.97031	9.5391254
303.46533	8.3999996
303.96039	9.7878418
304.45544	8.5381365
304.9505	7.9823709
305.44556	9.1754808
305.94058	8.6358242
306.43564	8.9046307
306.93069	9.1723776
307.42575	8.7982435
307.92081	8.438097
308.41583	8.2409248
308.91089	8.7176056
309.40594	9.3647223
309.901	10.671045
310.39603	9.2904587
310.89108	6.0795531
311.38614	6.3482242
311.8812	8.1445866
312.37625	8.9838161
312.87128	8.2378702
313.36633	8.5625439
313.86139	9.6716633
314.35645	11.618251
314.85147	12.888615
315.34653	7.4237766
315.84158	11.000021
316.33664	4.4128394
316.8317	8.6791782
317.32672	8.2323608
317.82178	8.9358063
318.31683	8.8213091
318.81189	10.014156
319.30695	12.555132
319.80197	8.273056
320.29703	10.829202
320.79208	10.579287
321.28714	8.1364603
321.78217	9.8176327
322.27722	9.2924366
322.77228	7.8086257
323.26733	9.0477238
323.76239	8.2975407
324.25742	9.9953871
324.75247	11.888639
325.24753	10.737478
325.74258	10.103467
326.23761	9.6314363
326.73267	6.889081
327.22772	6.4046216
327.72278	10.174916
328.21783	9.6975479
328.71286	6.5911689
329.20792	9.2550755
329.70297	10.635417
330.19803	9.744236
330.69305	9.4476738
331.18811	9.2747736
331.68317	9.2611208
332.17822	6.4607477
332.67328	10.52364
333.1683	10.966283
333.66336	9.0842886
334.15842	6.4000001
334.65347	6.3098836
335.14853	4.9427819
335.64355	8.7954941
336.13861	8.405242
336.63367	8.5925169
337.12872	7.2864223
337.62375	9.3937616
338.1188	7.8202553
338.61386	7.9463129
339.10892	10.18843
339.60397	8.1368971
340.099	12.227215
340.59406	9.5305891
341.08911	7.7999792
341.58417	6.2927918
342.07919	7.6264615
342.57425	8.8089542
343.06931	8.4726181
343.56436	8.3271275
344.05942	8.7672529
344.55444	8.2936678
345.0495	7.0054975
345.54456	8.8018465
346.03961	9.1278944
346.53467	8.698349
347.02969	9.4191818
347.52475	8.5452833
348.01981	8.2603025
348.51486	9.5858231
349.00989	10.069453
349.50494	9.0395212
350	9.4540567
350.49506	7.8306985
350.99011	6.7008266
351.48514	8.5770807
351.98019	7.275094
352.47525	6.4757109
352.97031	10.471284
353.46533	10
353.96039	9.9309092
354.45544	9.9005966
354.9505	11.214773
355.44556	8.665801
355.94058	9.0078068
356.43564	7.0653782
356.93069	7.9341722
357.42575	6.7546425
357.92081	12.790794
358.41583	9.6485605
358.91089	5.5557113
359.40594	8.9758883
359.901	9.5691853
360.39603	12.664886
360.89108	9.3052521
361.38614	6.9046745
361.8812	7.2723255
362.37625	8.0577707
362.87128	8.1999998
363.36633	8.8239174
363.86139	5.1921039
364.35645	6.8162899
364.85147	6.2099442
365.34653	6.724195
365.84158	8.0176449
366.33664	7.4719124
366.8317	8.2863388
367.32672	6.376524
367.82178	5.7682242
368.31683	6.7519407
368.81189	9.0424337
369.30695	9.8317766
369.80197	10.683377
370.29703	11.693323
370.79208	12.187864
371.28714	9.9807806
371.78217	6.2375908
372.27722	7.8866019
372.77228	10.267254
373.26733	8.8451052
373.76239	7.2483888
374.25742	6.7110114
374.75247	8.7334404
375.24753	11.773555
375.74258	7.9382582
376.23761	8.2056808
376.73267	9.1454811
377.22772	9.4058027
377.72278	10.268604
378.21783	9.2435427
378.71286	9.6010494
379.20792	10.873139
379.70297	12.80131
380.19803	11.214145
380.69305	7.7215133
381.18811	7.4066315
381.68317	8.7513027
382.17822	6.4000001
382.67328	6.3636289
383.1683	6.0265446
383.66336	10.728294
384.15842	8.3999996
384.65347	8.3999996
385.14853	9.3803015
385.64355	10.553444
386.13861	10.410794
386.63367	7.2473731
387.12872	9.5535765
387.62375	9.2617426
388.1188	8.1455822
388.61386	8.6907272
389.10892	11.68554
389.60397	10.206569
390.099	11.430588
390.59406	9.3977489
391.08911	8.3302097
391.58417	6.9717631
392.07919	8.1064711
392.57425	9.0433474
393.06931	13.529826
393.56436	11.386317
394.05942	8.6927252
394.55444	13.465973
395.0495	12.569513
395.54456	10.025167
396.03961	10.484383
396.53467	10.38476
397.02969	9.2802248
397.52475	10.909597
398.01981	10.568893
398.51486	8.7550383
399.00989	10.2384
399.50494	11.589158
400	10.681013
400.49506	9.7999687
400.99011	11.829392
401.48514	11.948197
401.98019	9.3088474
402.47525	8.2265444
402.97031	7.5151191
403.46533	9.3650179
403.96039	10.919743
404.45544	9.6427746
404.9505	7.874547
405.44556	8.647603
405.94058	10.285613
406.43564	10.131286
406.93069	9.0874405
407.42575	10.913139
407.92081	9.1001844
408.41583	8.5159082
408.91089	10.973791
409.40594	9.4446421
409.901	8.5930424
410.39603	9.0168915
410.89108	8.833025
411.38614	9.5833387
411.8812	7.2409358
412.37625	10.448938
412.87128	8.0485497
413.36633	5.4102969
413.86139	11.47608
414.35645	7.610364
414.85147	11.500442
415.34653	9.2413292
415.84158	9.2342262
416.33664	5.982429
416.8317	10.549402
417.32672	12.464977
417.82178	10.16431
418.31683	9.4528379
418.81189	11.012897
419.30695	11.60598
419.80197	12.199133
420.29703	11.410234
420.79208	8.0820847
421.28714	8.38585
421.78217	12.022909
422.27722	7.6773157
422.77228	11.124456
423.26733	11.215987
423.76239	9.7454891
424.25742	8.5222349
424.75247	11.061791
425.24753	12.802235
425.74258	5.728662
426.23761	8.8744459
426.73267	9.6000004
427.22772	11.275414
427.72278	8.2914743
428.21783	9.0699081
428.71286	8.5938396
429.20792	8.2408571
429.70297	11.027321
430.19803	12.110016
430.69305	8.2229748
431.18811	9.5656719
431.68317	9.9514675
432.17822	10.243102
432.67328	9.3801479
433.1683	10.724265
433.66336	11.4
434.15842	12.7973
434.65347	13.400001
435.14853	13.809896
435.64355	11.845048
436.13861	8.4103775
436.63367	11.255948
437.12872	10.692572
437.62375	7.669435
438.1188	9.1931572
438.61386	11.220361
439.10892	9.8891497
439.60397	11.327231
440.099	10.97723
440.59406	10.069932
441.08911	9.7060699
441.58417	10.224551
442.07919	9.8749762
442.57425	9.1110668
443.06931	9.85569
443.56436	11.475072
444.05942	11.232017
444.55444	9.1517944
445.0495	10.055482
445.54456	12.308834
446.03961	12.197304
446.53467	10.513844
447.02969	9.0118179
447.52475	11.472615
448.01981	14.88351
448.51486	12.693401
449.00989	10.257822
449.50494	11.432571
450	11.845074
450.49506	11.574931
450.99011	10.764215
451.48514	10.755453
451.98019	13.184292
452.47525	14.082367
452.97031	13.064194
453.46533	12.761018
453.96039	13.386763
454.45544	9.9632311
454.9505	9.7542934
455.44556	13.796133
455.94058	16.02067
456.43564	15.093491
456.93069	11.943283
457.42575	10.188663
457.92081	11.670301
458.41583	14.379733
458.91089	13.60305
459.40594	14.213604
459.901	12.329783
460.39603	14.257405
460.89108	16.793491
461.38614	14.785308
461.8812	15.260962
462.37625	15.639364
462.87128	15.07774
463.36633	12.863664
463.86139	14.915305
464.35645	17.256115
464.85147	16.569067
465.34653	16.301222
465.84158	20.541927
466.33664	17.937187
466.8317	16.57716
467.32672	16.52903
467.82178	20.595486
468.31683	17.501619
468.81189	16.811323
469.30695	16.598845
469.80197	18.766445
470.29703	16.135677
470.79208	19.147444
471.28714	21.36062
471.78217	21.894451
472.27722	20.053917
472.77228	22.954182
473.26733	24.111246
473.76239	21.846272
474.25742	24.572832
474.75247	20.406975
475.24753	22.286001
475.74258	20.867922
476.23761	23.988827
476.73267	24.802347
477.22772	21.512819
477.72278	21.669462
478.21783	20.419174
478.71286	22.377192
479.20792	26.022669
479.70297	22.118639
480.19803	20.590805
480.69305	21.097576
481.18811	28.196602
481.68317	26.423155
482.17822	22.331793
482.67328	20.607151
483.1683	18.959044
483.66336	21.481024
484.15842	24.525023
484.65347	22.69549
485.14853	25.174101
485.64355	18.446503
486.13861	18.244114
486.63367	21.462866
487.12872	19.538958
487.62375	19.110506
488.1188	18.958115
488.61386	20.522135
489.10892	17.799999
489.60397	18.068451
490.099	19.366514
490.59406	18.4974
491.08911	20.871834
491.58417	17.387981
492.07919	15.205916
492.57425	16.630573
493.06931	17.392172
493.56436	14.265265
494.05942	16.444702
494.55444	13.785295
495.0495	16.826523
495.54456	14.426584
496.03961	13.749169
496.53467	15.65353
497.02969	14.652476
497.52475	13.443183
498.01981	12.235369
498.51486	15.971807
499.00989	10.681612
499.50494	14.510287
500	13.547375
500.49506	11.761501
500.99011	15.538509
501.48514	13.124296
501.98019	13.14072
502.47525	9.8855257
502.97031	11.912956
503.46533	14.729127
503.96039	15.272211
504.45544	13.662506
504.9505	9.5523224
505.44556	13.63173
505.94058	13.761147
506.43564	10.126888
506.93069	16.672264
507.42575	12.65233
507.92081	14.271262
508.41583	11.764295
508.91089	11.346775
509.40594	10.053373
509.901	9.6229029
510.39603	10.6
510.89108	10.71452
511.38614	12.012589
511.8812	14.262086
512.37622	9.5602102
512.87128	10.36806
513.36633	13.504581
513.86139	10.8
514.35645	10.673734
514.8515	9.7285433
515.34656	8
515.84161	9.2526598
516.33661	13.373109
516.83167	11.77156
517.32672	9.4668989
517.82178	11.473551
518.31683	13.144079
518.81189	13.746149
519.30695	12.865858
519.802	9.3536644
520.29706	11
520.79205	11.209621
521.28711	10.896532
521.78217	9.2622652
522.27722	11.162696
522.77228	9.500989
523.26733	8.821003
523.76239	10.804989
524.25745	11.447981
524.7525	10.897422
525.2475	10.816022
525.74255	10.100751
526.23761	12.662271
526.73267	13.118492
527.22772	13.348007
527.72278	12.33454
528.21783	11.536518
528.71289	10.740238
529.20795	12.28301
529.70294	14.458631
530.198	15.311884
530.69305	11.30211
531.18811	10.398412
531.68317	12.352521
532.17822	12.053317
532.67328	12.8
533.16833	13.583822
533.66339	15.117582
534.15839	13.82352
534.65344	10.048005
535.1485	9.4000578
535.64355	11.221935
536.13861	11.113505
536.63367	10.112633
537.12872	10.707643
537.62378	11.6
538.11884	11.874534
538.61389	13.311624
539.10889	14.505841
539.60394	13.442585
540.099	13.175237
540.59406	14.19694
541.08911	13.299325
541.58417	10.68126
542.07922	10.12584
542.57428	11.417977
543.06934	12.543168
543.56433	10.828645
544.05939	11.634694
544.55444	15.550241
545.0495	12.866916
545.54456	9.9141293
546.03961	11.620757
546.53467	12.097664
547.02972	11.0057
547.52478	11.925668
548.01978	11.698765
548.51483	12.364273
549.00989	13.955363
549.50494	12.231477
550	10.093715
550.49506	10.255731
550.99011	12.197146
551.48517	13.673913
551.98022	14.273545
552.47522	16.061632
552.97028	14.833241
553.46533	15.279639
553.96039	16.232708
554.45544	16.691891
554.9505	17.096081
555.44556	13.007257
555.94061	14.182112
556.43567	15.30721
556.93066	14.621121
557.42572	15.187474
557.92078	13.962634
558.41583	14.730048
558.91089	15.327379
559.40594	15.4
559.901	14.39299
560.39606	12.838866
560.89111	13.115631
561.38611	10.238151
561.88116	11.743645
562.37622	13.249155
562.87128	15.570271
563.36633	15.252207
563.86139	15.2
564.35645	12.011048
564.8515	11.042695
565.34656	12.726643
565.84161	9.6892986
566.33661	13.523115
566.83167	13.003798
567.32672	11.405293
567.82178	12.231
568.31683	14.154237
568.81189	12.550155
569.30695	11.359348
569.802	10.56157
570.29706	9.9383307
570.79205	9.5292196
571.28711	12.839993
571.78217	11.060942
572.27722	8.8177195
572.77228	11.963761
573.26733	12.669794
573.76239	10.47369
574.25745	9.0775013
574.7525	10.437439
575.2475	11.042327
575.74255	12.157813
576.23761	10.159694
576.73267	11.4
577.22772	11.65294
577.72278	11.97271
578.21783	10.68798
578.71289	10.866115
579.20795	10.838714
579.70294	9.5438747
580.198	11.530609
580.69305	10.286419
581.18811	11.559245
581.68317	11.37767
582.17822	9.5339098
582.67328	9.4449301
583.16833	10.316434
583.66339	10.2
584.15839	10.64567
584.65344	11.016697
585.1485	8.9072294
585.64355	7.6787534
586.13861	8.6000004
586.63367	8.6000004
587.12872	8.2798462
587.62378	8.4390774
588.11884	9.4770098
588.61389	9.1920557
589.10889	9.1907616
589.60394	9.1150427
590.099	8.1782627
590.59406	9.9668074
591.08911	9.7636423
591.58417	8.1976652
592.07922	9.9900103
592.57428	10.719943
593.06934	9.8840008
593.56433	11.6493
594.05939	8.2123985
594.55444	8.3277416
595.0495	6.6162219
595.54456	8.7065382
596.03961	9.0751247
596.53467	8.0058718
597.02972	10.840974
597.52478	8.1278276
598.01978	8.6530008
598.51483	11.302928
599.00989	5.7733169
599.50494	7.9808469
600	7.8225608
600.49506	7.031796
600.99011	5.0459323
601.48517	10.565384
601.98022	9.7681866
602.47522	6.8718491
602.97028	9.4097376
603.46533	9.3769197
603.96039	6.3487911
604.45544	8
604.9505	8.0701981
605.44556	8.3316393
605.94061	6.8726892
606.43567	8.6702318
606.93066	9.4016409
607.42572	6.7168798
607.92078	6.9859128
608.41583	8.5141973
608.91089	8.510807
609.40594	11.854132
609.901	9.2224207
610.39606	8.4220171
610.89111	7.0629268
611.38611	7.3436933
611.88116	9.3541565
612.37622	9.2232304
612.87128	10.445565
613.36633	9.8543596
613.86139	8.7792101
614.35645	8.3472185
614.8515	8.4722595
615.34656	8.5920038
615.84161	7.1694827
616.33661	8.6667261
616.83167	9.275219
617.32672	7.8166194
617.82178	7.5207357
618.31683	8.9691248
618.81189	7.4920025
619.30695	8.4528465
619.802	5.6393423
620.29706	7.729744
620.79205	7.6632185
621.28711	6.256146
621.78217	7.9836392
622.27722	7.8147221
622.77228	6.7946458
623.26733	7.4245663
623.76239	9.9727173
624.25745	5.7161894
624.7525	5.1773424
625.2475	6.837894
625.74255	9.7893496
626.23761	8.860755
626.73267	10.551408
627.22772	9.6071634
627.72278	12.597478
628.21783	12.24695
628.71289	8.0304155
629.20795	5.3284893
629.70294	7.201149
630.198	10.31686
630.69305	7.1469049
631.18811	8.1087599
631.68317	3.8469834
632.17822	9.0744953
632.67328	7.9088063
633.16833	5.193665
633.66339	4.7162194
634.15839	6.7793283
634.65344	6.3660564
635.1485	6.0454206
635.64355	7.9209876
636.13861	4.7637239
636.63367	4.0950861
637.12872	6.6259108
637.62378	6.4000001
638.11884	6.2075453
638.61389	4.4874768
639.10889	4.6871762
639.60394	6.530323
640.099	6.5706058
640.59406	6.6388717
641.08911	7.916213
641.58417	8.2135639
642.07922	9.6005325
642.57428	7.6353803
643.06934	6.9734483
643.56433	8.2352657
644.05939	6.1546421
644.55444	7.602973
645.0495	7.063477
645.54456	6.1325274
646.03961	5.1403046
646.53467	8.3662415
647.02972	6.4385853
647.52478	7.6944461
648.01978	9.3301315
648.51483	7.2385974
649.00989	4.615706
649.50494	6.431025
650	7.3078561
650.49506	5.8670444
650.99011	6.5573769
651.48517	6.5198054
651.98022	8.695569
652.47522	8.2510605
652.97028	4.4186797
653.46533	6.376451
653.96039	7.4964089
654.45544	7.0283837
654.9505	7.4728127
655.44556	8.3248949
655.94061	5.6189032
656.43567	5.1465611
656.93066	7.081419
657.42572	7.9828329
657.92078	8.1363592
658.41583	7.4158845
658.91089	6.7460923
659.40594	7.4720674
659.901	8.8076468
660.39606	7.9537396
660.89111	8.3554754
661.38611	7.5712314
661.88116	6.1914277
662.37622	6
662.87128	6.4420676
663.36633	8.4278164
663.86139	5.0565529
664.35645	7.1039009
664.8515	4.5892177
665.34656	6.0956321
665.84161	6.9409308
666.33661	8.4815159
666.83167	6.6919699
667.32672	7.9755383
667.82178	6.0066271
668.31683	6.568346
668.81189	5.9637184
669.30695	8.0649385
669.802	7.1401143
670.29706	9.0891571
670.79205	6.0567603
671.28711	5.5247912
671.78217	6.4265904
672.27722	8.5978127
672.77228	9.7969503
673.26733	7.4648371
673.76239	7.3173151
674.25745	7.1060596
674.7525	9.1651249
675.2475	11.136365
675.74255	8.3743296
676.23761	5.5008059
676.73267	5.5051064
677.22772	7.5983381
677.72278	9.5508385
678.21783	7.8338456
678.71289	5.1829443
679.20795	3.9956632
679.70294	7.7413239
680.198	6.9055247
680.69305	4.9308386
681.18811	8.4096212
681.68317	9.5647459
682.17822	8.4045067
682.67328	5.1812716
683.16833	6.2696762
683.66339	6.0204463
684.15839	7.7626162
684.65344	8.3712626
685.1485	5.6003103
685.64355	10.286926
686.13861	8.7594881
686.63367	8.3999996
687.12872	8.595046
687.62378	8.8651381
688.11884	6.3827977
688.61389	8.7585363
689.10889	8.2913475
689.60394	5.691833
690.099	7.366087
690.59406	6.1233387
691.08911	6.0828876
691.58417	6.734755
692.07922	6.9210978
692.57428	6.8099341
693.06934	6.2211366
693.56433	5.4000001
694.05939	6.3706884
694.55444	8.659338
695.0495	7.5820751
695.54456	5.7531924
696.03961	6.4323945
696.53467	6.3384719
697.02972	5.719399
697.52478	3.4253387
698.01978	7.3450747
698.51483	8.3603735
699.00989	7.8401446
699.50494	10.707666
700	9.196022
700.49506	6.5595398
700.99011	5.4132619
701.48517	5.6820359
701.98022	6.4000001
702.47522	6.6016326
702.97028	7.1104155
703.46533	5.5785122
703.96039	6.6384907
704.45544	7.5339193
704.9505	8.4316816
705.44556	5.0917325
705.94061	5.7877965
706.43567	5.7478828
706.93066	6.6306419
707.42572	6.2038574
707.92078	5.96421
708.41583	6.0642366
708.91089	5.9078269
709.40594	8.453331
709.901	9.1784296
710.39606	8.2245655
710.89111	6.3439379
711.38611	7.53684
711.88116	6.3523421
712.37622	10.477496
712.87128	7.7979708
713.36633	6.4710999
713.86139	7.1733742
714.35645	5.9989491
714.8515	4.685183
715.34656	6.8729286
715.84161	7.6669755
716.33661	6.0762329
716.83167	3.9156699
717.32672	8
717.82178	8.3030119
718.31683	8.6782722
718.81189	8.0510969
719.30695	8.8921337
719.802	8.3190231
720.29706	7.8412724
720.79205	6.3166046
721.28711	5.5926685
721.78217	4.9815688
722.27722	5.7361255
722.77228	6.5243177
723.26733	6.5999999
723.76239	6.0435839
724.25745	7.7072506
724.7525	7.4764457
725.2475	8.331316
725.74255	8.0936174
726.23761	5.8813534
726.73267	5.9689384
727.22772	8.6824217
727.72278	10.196399
728.21783	5.1339016
728.71289	3.5493581
729.20795	7.6185861
729.70294	4.9264712
730.198	6.537488
730.69305	5.1758342
731.18811	4.9283824
731.68317	6.4000001
732.17822	5.5830874
732.67328	5.6748075
733.16833	6.8071318
733.66339	4.9656868
734.15839	5.9969997
734.65344	6.1714463
735.1485	5.6851497
735.64355	6.2148552
736.13861	5.2889729
736.63367	5.8479857
737.12872	5.6671815
737.62378	6.6377769
738.11884	5.5400705
738.61389	7.4131131
739.10889	8.1568947
739.60394	6.8935533
740.099	4.6654677
740.59406	6.3660746
741.08911	3.66254
741.58417	8.2504978
742.07922	7.1404023
742.57428	8.4697285
743.06934	4.4702115
743.56433	6.7104506
744.05939	7.3133001
744.55444	5.4005308
745.0495	6.7022696
745.54456	7.698792
746.03961	7.1837606
746.53467	7.9012575
747.02972	7.3182201
747.52478	8.1426392
748.01978	7.0327702
748.51483	7.8609962
749.00989	6.7373281
749.50494	8.6473799
750	8.8084269
